0	0	0.007407407407407408	0.007407407407407408	0.1925925925925926	0.007407407407407408	0.007407407407407408	0.007407407407407408	0.007407407407407408	0.007407407407407408	0.007407407407407408	0.007407407407407408	0.007407407407407408	0.007407407407407408	0.007407407407407408	0.34074074074074073	0.007407407407407408	0.007407407407407408	0.007407407407407408	0.007407407407407408	0.007407407407407408	0.007407407407407408	0.26666666666666666	0.007407407407407408	0.007407407407407408	0.007407407407407408	0.044444444444444446
1	1	0.006060606060606061	0.006060606060606061	0.006060606060606061	0.006060606060606061	0.006060606060606061	0.006060606060606061	0.006060606060606061	0.006060606060606061	0.06666666666666667	0.006060606060606061	0.006060606060606061	0.006060606060606061	0.006060606060606061	0.1878787878787879	0.006060606060606061	0.006060606060606061	0.006060606060606061	0.03636363636363636	0.5818181818181818	0.006060606060606061	0.006060606060606061	0.006060606060606061	0.006060606060606061	0.006060606060606061	0.006060606060606061
2	2	0.005128205128205128	0.005128205128205128	0.005128205128205128	0.2358974358974359	0.005128205128205128	0.030769230769230767	0.18461538461538463	0.3641025641025641	0.005128205128205128	0.005128205128205128	0.030769230769230767	0.005128205128205128	0.005128205128205128	0.005128205128205128	0.005128205128205128	0.005128205128205128	0.005128205128205128	0.005128205128205128	0.005128205128205128	0.05641025641025642	0.005128205128205128	0.005128205128205128	0.005128205128205128	0.005128205128205128	0.005128205128205128
3	3	0.004545454545454546	0.004545454545454546	0.004545454545454546	0.09545454545454546	0.004545454545454546	0.004545454545454546	0.004545454545454546	0.004545454545454546	0.004545454545454546	0.2545454545454545	0.004545454545454546	0.004545454545454546	0.02727272727272727	0.2545454545454545	0.004545454545454546	0.07272727272727274	0.004545454545454546	0.004545454545454546	0.02727272727272727	0.004545454545454546	0.004545454545454546	0.004545454545454546	0.004545454545454546	0.18636363636363634	0.004545454545454546
4	4	0.05789473684210527	0.05789473684210527	0.005263157894736842	0.005263157894736842	0.005263157894736842	0.05789473684210527	0.08421052631578947	0.05789473684210527	0.005263157894736842	0.005263157894736842	0.005263157894736842	0.08421052631578947	0.005263157894736842	0.005263157894736842	0.005263157894736842	0.005263157894736842	0.005263157894736842	0.005263157894736842	0.005263157894736842	0.005263157894736842	0.4263157894736842	0.005263157894736842	0.005263157894736842	0.05789473684210527	0.031578947368421054
5	5	0.009523809523809525	0.009523809523809525	0.05714285714285714	0.009523809523809525	0.009523809523809525	0.05714285714285714	0.24761904761904763	0.009523809523809525	0.009523809523809525	0.009523809523809525	0.009523809523809525	0.009523809523809525	0.009523809523809525	0.1523809523809524	0.009523809523809525	0.1523809523809524	0.009523809523809525	0.009523809523809525	0.009523809523809525	0.009523809523809525	0.009523809523809525	0.009523809523809525	0.009523809523809525	0.009523809523809525	0.1523809523809524
6	6	0.06470588235294118	0.0058823529411764705	0.0058823529411764705	0.0058823529411764705	0.03529411764705882	0.0058823529411764705	0.1823529411764706	0.0058823529411764705	0.0058823529411764705	0.0058823529411764705	0.0058823529411764705	0.3588235294117647	0.0058823529411764705	0.15294117647058825	0.0058823529411764705	0.0058823529411764705	0.0058823529411764705	0.0058823529411764705	0.0058823529411764705	0.0058823529411764705	0.06470588235294118	0.0058823529411764705	0.0058823529411764705	0.0058823529411764705	0.03529411764705882
7	7	0.005128205128205128	0.005128205128205128	0.005128205128205128	0.5435897435897435	0.005128205128205128	0.005128205128205128	0.005128205128205128	0.005128205128205128	0.05641025641025642	0.05641025641025642	0.005128205128205128	0.005128205128205128	0.005128205128205128	0.005128205128205128	0.005128205128205128	0.005128205128205128	0.005128205128205128	0.158974358974359	0.005128205128205128	0.005128205128205128	0.005128205128205128	0.005128205128205128	0.030769230769230767	0.05641025641025642	0.005128205128205128
8	8	0.0125	0.0125	0.0125	0.0125	0.0125	0.0125	0.2	0.0125	0.0125	0.0125	0.0125	0.0125	0.0125	0.0125	0.0125	0.1375	0.0125	0.0125	0.1375	0.0125	0.0125	0.0125	0.0125	0.0125	0.2625
9	9	0.0375	0.00625	0.00625	0.00625	0.00625	0.0375	0.00625	0.00625	0.1625	0.00625	0.00625	0.225	0.00625	0.00625	0.00625	0.00625	0.00625	0.00625	0.00625	0.00625	0.00625	0.00625	0.0375	0.00625	0.38125
10	10	0.006666666666666667	0.006666666666666667	0.006666666666666667	0.006666666666666667	0.006666666666666667	0.006666666666666667	0.17333333333333334	0.20666666666666667	0.006666666666666667	0.24000000000000002	0.006666666666666667	0.006666666666666667	0.006666666666666667	0.006666666666666667	0.006666666666666667	0.006666666666666667	0.04	0.04	0.17333333333333334	0.006666666666666667	0.006666666666666667	0.006666666666666667	0.006666666666666667	0.006666666666666667	0.006666666666666667
11	11	0.0064516129032258064	0.0064516129032258064	0.03870967741935484	0.2	0.0064516129032258064	0.0064516129032258064	0.16774193548387098	0.0064516129032258064	0.0064516129032258064	0.0064516129032258064	0.0064516129032258064	0.0064516129032258064	0.0064516129032258064	0.0064516129032258064	0.0064516129032258064	0.0064516129032258064	0.0064516129032258064	0.0064516129032258064	0.03870967741935484	0.1032258064516129	0.0064516129032258064	0.0064516129032258064	0.0064516129032258064	0.0064516129032258064	0.3290322580645161
12	12	0.031578947368421054	0.005263157894736842	0.005263157894736842	0.005263157894736842	0.031578947368421054	0.031578947368421054	0.005263157894736842	0.08421052631578947	0.005263157894736842	0.005263157894736842	0.005263157894736842	0.005263157894736842	0.005263157894736842	0.08421052631578947	0.031578947368421054	0.031578947368421054	0.031578947368421054	0.005263157894736842	0.2157894736842105	0.005263157894736842	0.005263157894736842	0.005263157894736842	0.031578947368421054	0.031578947368421054	0.29473684210526313
13	13	0.048	0.008	0.008	0.048	0.008	0.008	0.08800000000000001	0.32799999999999996	0.008	0.008	0.008	0.008	0.008	0.08800000000000001	0.048	0.008	0.008	0.008	0.008	0.008	0.008	0.008	0.08800000000000001	0.008	0.128
14	14	0.06875	0.00625	0.00625	0.00625	0.00625	0.0375	0.00625	0.00625	0.0375	0.00625	0.00625	0.00625	0.00625	0.25625	0.00625	0.00625	0.00625	0.00625	0.00625	0.00625	0.0375	0.44375	0.00625	0.00625	0.00625
15	15	0.028571428571428574	0.028571428571428574	0.028571428571428574	0.028571428571428574	0.028571428571428574	0.028571428571428574	0.028571428571428574	0.028571428571428574	0.028571428571428574	0.028571428571428574	0.028571428571428574	0.028571428571428574	0.028571428571428574	0.028571428571428574	0.31428571428571433	0.028571428571428574	0.028571428571428574	0.028571428571428574	0.028571428571428574	0.028571428571428574	0.028571428571428574	0.028571428571428574	0.028571428571428574	0.028571428571428574	0.028571428571428574
16	16	0.003076923076923077	0.03384615384615385	0.003076923076923077	0.003076923076923077	0.003076923076923077	0.003076923076923077	0.003076923076923077	0.31076923076923074	0.003076923076923077	0.11076923076923077	0.003076923076923077	0.003076923076923077	0.003076923076923077	0.08	0.003076923076923077	0.01846153846153846	0.09538461538461539	0.003076923076923077	0.12615384615384614	0.003076923076923077	0.003076923076923077	0.003076923076923077	0.04923076923076923	0.12615384615384614	0.003076923076923077
17	17	0.007407407407407408	0.007407407407407408	0.044444444444444446	0.007407407407407408	0.007407407407407408	0.007407407407407408	0.08148148148148149	0.007407407407407408	0.007407407407407408	0.007407407407407408	0.007407407407407408	0.007407407407407408	0.007407407407407408	0.007407407407407408	0.15555555555555556	0.007407407407407408	0.34074074074074073	0.007407407407407408	0.007407407407407408	0.007407407407407408	0.007407407407407408	0.007407407407407408	0.007407407407407408	0.22962962962962963	0.007407407407407408
18	18	0.0064516129032258064	0.0064516129032258064	0.07096774193548387	0.0064516129032258064	0.0064516129032258064	0.0064516129032258064	0.0064516129032258064	0.0064516129032258064	0.5225806451612903	0.0064516129032258064	0.0064516129032258064	0.0064516129032258064	0.0064516129032258064	0.0064516129032258064	0.0064516129032258064	0.23225806451612904	0.0064516129032258064	0.03870967741935484	0.0064516129032258064	0.0064516129032258064	0.0064516129032258064	0.0064516129032258064	0.0064516129032258064	0.0064516129032258064	0.0064516129032258064
19	19	0.00625	0.00625	0.00625	0.00625	0.00625	0.00625	0.13125	0.0375	0.00625	0.00625	0.0375	0.25625	0.00625	0.1	0.00625	0.1	0.00625	0.00625	0.06875	0.00625	0.00625	0.0375	0.00625	0.00625	0.13125
20	20	0.02	0.02	0.02	0.22000000000000003	0.12	0.02	0.02	0.12	0.02	0.02	0.02	0.02	0.02	0.02	0.02	0.12	0.02	0.02	0.02	0.02	0.02	0.02	0.02	0.02	0.02
21	21	0.0064516129032258064	0.0064516129032258064	0.0064516129032258064	0.0064516129032258064	0.0064516129032258064	0.03870967741935484	0.0064516129032258064	0.0064516129032258064	0.0064516129032258064	0.0064516129032258064	0.2	0.07096774193548387	0.03870967741935484	0.0064516129032258064	0.0064516129032258064	0.0064516129032258064	0.0064516129032258064	0.0064516129032258064	0.0064516129032258064	0.0064516129032258064	0.13548387096774195	0.03870967741935484	0.03870967741935484	0.1032258064516129	0.23225806451612904
22	22	0.13125	0.00625	0.00625	0.00625	0.00625	0.00625	0.00625	0.00625	0.0375	0.0375	0.0375	0.38125	0.1	0.00625	0.00625	0.0375	0.0375	0.00625	0.00625	0.0375	0.00625	0.00625	0.00625	0.00625	0.06875
23	23	0.005555555555555556	0.061111111111111116	0.005555555555555556	0.005555555555555556	0.005555555555555556	0.005555555555555556	0.005555555555555556	0.005555555555555556	0.005555555555555556	0.03333333333333333	0.005555555555555556	0.061111111111111116	0.005555555555555556	0.14444444444444446	0.03333333333333333	0.25555555555555554	0.005555555555555556	0.005555555555555556	0.005555555555555556	0.005555555555555556	0.005555555555555556	0.005555555555555556	0.005555555555555556	0.005555555555555556	0.3111111111111111
24	24	0.2533333333333333	0.0033333333333333335	0.0033333333333333335	0.0033333333333333335	0.23666666666666666	0.08666666666666667	0.0033333333333333335	0.0033333333333333335	0.0033333333333333335	0.22	0.0033333333333333335	0.0033333333333333335	0.0033333333333333335	0.0033333333333333335	0.0033333333333333335	0.0033333333333333335	0.0033333333333333335	0.0033333333333333335	0.0033333333333333335	0.0033333333333333335	0.12000000000000001	0.0033333333333333335	0.0033333333333333335	0.0033333333333333335	0.02
25	25	0.08	0.013333333333333334	0.013333333333333334	0.013333333333333334	0.013333333333333334	0.013333333333333334	0.013333333333333334	0.013333333333333334	0.013333333333333334	0.6133333333333333	0.013333333333333334	0.013333333333333334	0.013333333333333334	0.013333333333333334	0.013333333333333334	0.013333333333333334	0.013333333333333334	0.013333333333333334	0.013333333333333334	0.013333333333333334	0.013333333333333334	0.013333333333333334	0.013333333333333334	0.013333333333333334	0.013333333333333334
26	26	0.09411764705882353	0.0058823529411764705	0.0058823529411764705	0.03529411764705882	0.0058823529411764705	0.0058823529411764705	0.0058823529411764705	0.06470588235294118	0.1823529411764706	0.0058823529411764705	0.0058823529411764705	0.0058823529411764705	0.0058823529411764705	0.0058823529411764705	0.0058823529411764705	0.0058823529411764705	0.0058823529411764705	0.0058823529411764705	0.4764705882352941	0.0058823529411764705	0.0058823529411764705	0.0058823529411764705	0.03529411764705882	0.0058823529411764705	0.0058823529411764705
27	27	0.004761904761904762	0.1	0.004761904761904762	0.004761904761904762	0.004761904761904762	0.5047619047619047	0.004761904761904762	0.05238095238095238	0.004761904761904762	0.004761904761904762	0.004761904761904762	0.05238095238095238	0.004761904761904762	0.004761904761904762	0.02857142857142857	0.004761904761904762	0.12380952380952381	0.004761904761904762	0.004761904761904762	0.004761904761904762	0.004761904761904762	0.004761904761904762	0.02857142857142857	0.004761904761904762	0.02857142857142857
28	28	0.014285714285714287	0.014285714285714287	0.014285714285714287	0.014285714285714287	0.014285714285714287	0.08571428571428572	0.014285714285714287	0.014285714285714287	0.014285714285714287	0.08571428571428572	0.08571428571428572	0.014285714285714287	0.014285714285714287	0.2285714285714286	0.014285714285714287	0.014285714285714287	0.014285714285714287	0.014285714285714287	0.014285714285714287	0.014285714285714287	0.014285714285714287	0.08571428571428572	0.014285714285714287	0.014285714285714287	0.15714285714285717
29	29	0.05641025641025642	0.05641025641025642	0.005128205128205128	0.005128205128205128	0.005128205128205128	0.005128205128205128	0.05641025641025642	0.005128205128205128	0.005128205128205128	0.1076923076923077	0.005128205128205128	0.1076923076923077	0.005128205128205128	0.2358974358974359	0.030769230769230767	0.005128205128205128	0.005128205128205128	0.005128205128205128	0.005128205128205128	0.005128205128205128	0.05641025641025642	0.005128205128205128	0.05641025641025642	0.158974358974359	0.005128205128205128
30	30	0.00392156862745098	0.04313725490196079	0.00392156862745098	0.00392156862745098	0.00392156862745098	0.00392156862745098	0.04313725490196079	0.00392156862745098	0.08235294117647059	0.06274509803921569	0.00392156862745098	0.00392156862745098	0.00392156862745098	0.00392156862745098	0.00392156862745098	0.00392156862745098	0.2196078431372549	0.00392156862745098	0.00392156862745098	0.00392156862745098	0.2784313725490196	0.00392156862745098	0.023529411764705882	0.04313725490196079	0.1411764705882353
31	31	0.04776119402985075	0.032835820895522394	0.0029850746268656717	0.0029850746268656717	0.032835820895522394	0.01791044776119403	0.07761194029850746	0.01791044776119403	0.0029850746268656717	0.0029850746268656717	0.032835820895522394	0.1671641791044776	0.0029850746268656717	0.0029850746268656717	0.0029850746268656717	0.032835820895522394	0.0029850746268656717	0.0029850746268656717	0.032835820895522394	0.06268656716417911	0.0029850746268656717	0.0029850746268656717	0.12238805970149252	0.0029850746268656717	0.2865671641791045
32	32	0.0125	0.075	0.0125	0.2625	0.0125	0.1375	0.2	0.0125	0.0125	0.0125	0.0125	0.075	0.0125	0.0125	0.0125	0.0125	0.0125	0.0125	0.0125	0.0125	0.0125	0.0125	0.0125	0.0125	0.0125
33	33	0.006896551724137932	0.006896551724137932	0.006896551724137932	0.006896551724137932	0.006896551724137932	0.041379310344827586	0.21379310344827587	0.006896551724137932	0.041379310344827586	0.006896551724137932	0.006896551724137932	0.006896551724137932	0.006896551724137932	0.006896551724137932	0.2482758620689655	0.006896551724137932	0.006896551724137932	0.006896551724137932	0.006896551724137932	0.006896551724137932	0.006896551724137932	0.006896551724137932	0.006896551724137932	0.006896551724137932	0.3172413793103448
34	34	0.015384615384615385	0.015384615384615385	0.015384615384615385	0.015384615384615385	0.015384615384615385	0.015384615384615385	0.015384615384615385	0.015384615384615385	0.015384615384615385	0.015384615384615385	0.6307692307692307	0.015384615384615385	0.015384615384615385	0.015384615384615385	0.015384615384615385	0.015384615384615385	0.015384615384615385	0.015384615384615385	0.015384615384615385	0.015384615384615385	0.015384615384615385	0.015384615384615385	0.015384615384615385	0.015384615384615385	0.015384615384615385
35	35	0.0044444444444444444	0.0044444444444444444	0.026666666666666665	0.0044444444444444444	0.0044444444444444444	0.0044444444444444444	0.0044444444444444444	0.026666666666666665	0.09333333333333334	0.0044444444444444444	0.0044444444444444444	0.026666666666666665	0.0044444444444444444	0.36	0.0044444444444444444	0.026666666666666665	0.026666666666666665	0.0044444444444444444	0.0044444444444444444	0.0044444444444444444	0.0044444444444444444	0.0044444444444444444	0.0044444444444444444	0.04888888888888889	0.29333333333333333
36	36	0.0044444444444444444	0.0044444444444444444	0.026666666666666665	0.0044444444444444444	0.0044444444444444444	0.0044444444444444444	0.3377777777777778	0.0044444444444444444	0.04888888888888889	0.0044444444444444444	0.0044444444444444444	0.13777777777777778	0.026666666666666665	0.0044444444444444444	0.0044444444444444444	0.026666666666666665	0.04888888888888889	0.0044444444444444444	0.0044444444444444444	0.0044444444444444444	0.09333333333333334	0.1822222222222222	0.0044444444444444444	0.0044444444444444444	0.0044444444444444444
37	37	0.011111111111111112	0.011111111111111112	0.011111111111111112	0.4	0.011111111111111112	0.011111111111111112	0.011111111111111112	0.011111111111111112	0.12222222222222223	0.06666666666666667	0.011111111111111112	0.011111111111111112	0.011111111111111112	0.12222222222222223	0.011111111111111112	0.011111111111111112	0.011111111111111112	0.011111111111111112	0.011111111111111112	0.06666666666666667	0.011111111111111112	0.011111111111111112	0.011111111111111112	0.011111111111111112	0.011111111111111112
38	38	0.015384615384615385	0.015384615384615385	0.015384615384615385	0.015384615384615385	0.0923076923076923	0.015384615384615385	0.015384615384615385	0.015384615384615385	0.015384615384615385	0.015384615384615385	0.0923076923076923	0.015384615384615385	0.015384615384615385	0.0923076923076923	0.015384615384615385	0.015384615384615385	0.015384615384615385	0.015384615384615385	0.015384615384615385	0.015384615384615385	0.015384615384615385	0.015384615384615385	0.015384615384615385	0.015384615384615385	0.4
39	39	0.06666666666666667	0.12222222222222223	0.011111111111111112	0.011111111111111112	0.011111111111111112	0.011111111111111112	0.12222222222222223	0.011111111111111112	0.06666666666666667	0.011111111111111112	0.011111111111111112	0.17777777777777778	0.011111111111111112	0.011111111111111112	0.12222222222222223	0.011111111111111112	0.011111111111111112	0.011111111111111112	0.12222222222222223	0.011111111111111112	0.011111111111111112	0.011111111111111112	0.011111111111111112	0.011111111111111112	0.011111111111111112
40	40	0.264516129032258	0.0064516129032258064	0.0064516129032258064	0.0064516129032258064	0.0064516129032258064	0.0064516129032258064	0.03870967741935484	0.03870967741935484	0.0064516129032258064	0.03870967741935484	0.0064516129032258064	0.0064516129032258064	0.0064516129032258064	0.4258064516129032	0.0064516129032258064	0.07096774193548387	0.0064516129032258064	0.0064516129032258064	0.0064516129032258064	0.0064516129032258064	0.0064516129032258064	0.0064516129032258064	0.0064516129032258064	0.0064516129032258064	0.0064516129032258064
41	41	0.044444444444444446	0.007407407407407408	0.007407407407407408	0.22962962962962963	0.007407407407407408	0.11851851851851852	0.007407407407407408	0.007407407407407408	0.044444444444444446	0.007407407407407408	0.007407407407407408	0.044444444444444446	0.08148148148148149	0.11851851851851852	0.007407407407407408	0.007407407407407408	0.007407407407407408	0.007407407407407408	0.007407407407407408	0.007407407407407408	0.007407407407407408	0.007407407407407408	0.007407407407407408	0.007407407407407408	0.1925925925925926
42	42	0.008695652173913044	0.008695652173913044	0.05217391304347826	0.008695652173913044	0.008695652173913044	0.008695652173913044	0.05217391304347826	0.008695652173913044	0.1391304347826087	0.008695652173913044	0.008695652173913044	0.008695652173913044	0.008695652173913044	0.1391304347826087	0.008695652173913044	0.1826086956521739	0.008695652173913044	0.05217391304347826	0.008695652173913044	0.008695652173913044	0.008695652173913044	0.008695652173913044	0.008695652173913044	0.008695652173913044	0.22608695652173913
43	43	0.004166666666666667	0.024999999999999998	0.004166666666666667	0.004166666666666667	0.004166666666666667	0.004166666666666667	0.004166666666666667	0.25416666666666665	0.004166666666666667	0.004166666666666667	0.004166666666666667	0.004166666666666667	0.004166666666666667	0.004166666666666667	0.004166666666666667	0.004166666666666667	0.004166666666666667	0.004166666666666667	0.004166666666666667	0.004166666666666667	0.024999999999999998	0.04583333333333334	0.004166666666666667	0.5666666666666667	0.004166666666666667
44	44	0.005263157894736842	0.1105263157894737	0.005263157894736842	0.031578947368421054	0.005263157894736842	0.005263157894736842	0.05789473684210527	0.005263157894736842	0.005263157894736842	0.005263157894736842	0.031578947368421054	0.005263157894736842	0.005263157894736842	0.005263157894736842	0.2157894736842105	0.005263157894736842	0.05789473684210527	0.005263157894736842	0.005263157894736842	0.08421052631578947	0.32105263157894737	0.005263157894736842	0.005263157894736842	0.005263157894736842	0.005263157894736842
45	45	0.015384615384615385	0.015384615384615385	0.015384615384615385	0.015384615384615385	0.015384615384615385	0.015384615384615385	0.015384615384615385	0.015384615384615385	0.015384615384615385	0.015384615384615385	0.6307692307692307	0.015384615384615385	0.015384615384615385	0.015384615384615385	0.015384615384615385	0.015384615384615385	0.015384615384615385	0.015384615384615385	0.015384615384615385	0.015384615384615385	0.015384615384615385	0.015384615384615385	0.015384615384615385	0.015384615384615385	0.015384615384615385
46	46	0.006896551724137932	0.006896551724137932	0.006896551724137932	0.006896551724137932	0.07586206896551725	0.041379310344827586	0.041379310344827586	0.006896551724137932	0.006896551724137932	0.006896551724137932	0.2482758620689655	0.38620689655172413	0.006896551724137932	0.006896551724137932	0.006896551724137932	0.006896551724137932	0.006896551724137932	0.006896551724137932	0.006896551724137932	0.006896551724137932	0.006896551724137932	0.006896551724137932	0.006896551724137932	0.006896551724137932	0.07586206896551725
47	47	0.010526315789473684	0.010526315789473684	0.11578947368421054	0.010526315789473684	0.010526315789473684	0.010526315789473684	0.010526315789473684	0.010526315789473684	0.010526315789473684	0.010526315789473684	0.010526315789473684	0.11578947368421054	0.010526315789473684	0.010526315789473684	0.010526315789473684	0.010526315789473684	0.2210526315789474	0.010526315789473684	0.06315789473684211	0.010526315789473684	0.010526315789473684	0.010526315789473684	0.06315789473684211	0.010526315789473684	0.2210526315789474
48	48	0.006666666666666667	0.006666666666666667	0.04	0.006666666666666667	0.006666666666666667	0.07333333333333333	0.006666666666666667	0.04	0.006666666666666667	0.006666666666666667	0.006666666666666667	0.006666666666666667	0.006666666666666667	0.006666666666666667	0.006666666666666667	0.006666666666666667	0.006666666666666667	0.04	0.006666666666666667	0.04	0.006666666666666667	0.006666666666666667	0.006666666666666667	0.006666666666666667	0.64
49	49	0.004761904761904762	0.004761904761904762	0.004761904761904762	0.004761904761904762	0.004761904761904762	0.004761904761904762	0.004761904761904762	0.02857142857142857	0.004761904761904762	0.1	0.004761904761904762	0.02857142857142857	0.004761904761904762	0.004761904761904762	0.004761904761904762	0.004761904761904762	0.004761904761904762	0.05238095238095238	0.004761904761904762	0.05238095238095238	0.4095238095238095	0.004761904761904762	0.05238095238095238	0.004761904761904762	0.1952380952380952
50	50	0.008695652173913044	0.008695652173913044	0.008695652173913044	0.008695652173913044	0.008695652173913044	0.008695652173913044	0.1391304347826087	0.09565217391304348	0.09565217391304348	0.1826086956521739	0.008695652173913044	0.008695652173913044	0.008695652173913044	0.09565217391304348	0.008695652173913044	0.008695652173913044	0.008695652173913044	0.008695652173913044	0.008695652173913044	0.008695652173913044	0.008695652173913044	0.05217391304347826	0.09565217391304348	0.09565217391304348	0.008695652173913044
51	51	0.0071428571428571435	0.0071428571428571435	0.04285714285714286	0.04285714285714286	0.0071428571428571435	0.0071428571428571435	0.15	0.0071428571428571435	0.0071428571428571435	0.04285714285714286	0.0071428571428571435	0.0071428571428571435	0.0071428571428571435	0.2571428571428572	0.0071428571428571435	0.0071428571428571435	0.07857142857142858	0.0071428571428571435	0.0071428571428571435	0.0071428571428571435	0.1142857142857143	0.0071428571428571435	0.0071428571428571435	0.0071428571428571435	0.15
52	52	0.004878048780487805	0.029268292682926828	0.029268292682926828	0.004878048780487805	0.004878048780487805	0.029268292682926828	0.004878048780487805	0.029268292682926828	0.004878048780487805	0.004878048780487805	0.004878048780487805	0.12682926829268293	0.004878048780487805	0.27317073170731704	0.029268292682926828	0.004878048780487805	0.05365853658536586	0.004878048780487805	0.004878048780487805	0.004878048780487805	0.004878048780487805	0.004878048780487805	0.004878048780487805	0.05365853658536586	0.27317073170731704
53	53	0.08800000000000001	0.048	0.008	0.008	0.008	0.048	0.008	0.008	0.248	0.008	0.048	0.008	0.008	0.008	0.008	0.008	0.008	0.008	0.048	0.008	0.048	0.008	0.28800000000000003	0.008	0.008
54	54	0.14	0.006666666666666667	0.006666666666666667	0.4066666666666666	0.006666666666666667	0.006666666666666667	0.006666666666666667	0.006666666666666667	0.006666666666666667	0.006666666666666667	0.006666666666666667	0.006666666666666667	0.006666666666666667	0.006666666666666667	0.10666666666666667	0.04	0.006666666666666667	0.006666666666666667	0.04	0.006666666666666667	0.006666666666666667	0.006666666666666667	0.006666666666666667	0.006666666666666667	0.14
55	55	0.02	0.02	0.02	0.02	0.02	0.02	0.32	0.02	0.02	0.12	0.02	0.02	0.02	0.02	0.02	0.02	0.02	0.02	0.02	0.02	0.02	0.02	0.02	0.12	0.02
56	56	0.015384615384615385	0.015384615384615385	0.015384615384615385	0.015384615384615385	0.015384615384615385	0.015384615384615385	0.015384615384615385	0.015384615384615385	0.015384615384615385	0.015384615384615385	0.6307692307692307	0.015384615384615385	0.015384615384615385	0.015384615384615385	0.015384615384615385	0.015384615384615385	0.015384615384615385	0.015384615384615385	0.015384615384615385	0.015384615384615385	0.015384615384615385	0.015384615384615385	0.015384615384615385	0.015384615384615385	0.015384615384615385
57	57	0.005555555555555556	0.03333333333333333	0.005555555555555556	0.2833333333333333	0.005555555555555556	0.03333333333333333	0.005555555555555556	0.11666666666666667	0.005555555555555556	0.005555555555555556	0.03333333333333333	0.08888888888888889	0.03333333333333333	0.005555555555555556	0.005555555555555556	0.17222222222222222	0.061111111111111116	0.005555555555555556	0.005555555555555556	0.005555555555555556	0.005555555555555556	0.03333333333333333	0.005555555555555556	0.005555555555555556	0.03333333333333333
58	58	0.0058823529411764705	0.0058823529411764705	0.0058823529411764705	0.0058823529411764705	0.0058823529411764705	0.15294117647058825	0.0058823529411764705	0.0058823529411764705	0.0058823529411764705	0.06470588235294118	0.0058823529411764705	0.15294117647058825	0.0058823529411764705	0.09411764705882353	0.0058823529411764705	0.06470588235294118	0.09411764705882353	0.0058823529411764705	0.0058823529411764705	0.0058823529411764705	0.0058823529411764705	0.12352941176470589	0.03529411764705882	0.0058823529411764705	0.12352941176470589
59	59	0.028571428571428574	0.028571428571428574	0.028571428571428574	0.028571428571428574	0.028571428571428574	0.028571428571428574	0.028571428571428574	0.17142857142857143	0.028571428571428574	0.028571428571428574	0.028571428571428574	0.028571428571428574	0.028571428571428574	0.028571428571428574	0.028571428571428574	0.17142857142857143	0.028571428571428574	0.028571428571428574	0.028571428571428574	0.028571428571428574	0.028571428571428574	0.028571428571428574	0.028571428571428574	0.028571428571428574	0.028571428571428574
60	60	0.0125	0.0125	0.0125	0.0125	0.0125	0.075	0.0125	0.0125	0.0125	0.0125	0.0125	0.1375	0.0125	0.075	0.0125	0.0125	0.0125	0.0125	0.0125	0.075	0.0125	0.0125	0.0125	0.0125	0.3875
61	61	0.006666666666666667	0.006666666666666667	0.006666666666666667	0.006666666666666667	0.006666666666666667	0.006666666666666667	0.006666666666666667	0.24000000000000002	0.006666666666666667	0.10666666666666667	0.006666666666666667	0.04	0.006666666666666667	0.07333333333333333	0.07333333333333333	0.006666666666666667	0.04	0.04	0.006666666666666667	0.006666666666666667	0.006666666666666667	0.006666666666666667	0.006666666666666667	0.10666666666666667	0.17333333333333334
62	62	0.0058823529411764705	0.0058823529411764705	0.0058823529411764705	0.0058823529411764705	0.21176470588235294	0.0058823529411764705	0.0058823529411764705	0.0058823529411764705	0.0058823529411764705	0.0058823529411764705	0.09411764705882353	0.0058823529411764705	0.0058823529411764705	0.03529411764705882	0.0058823529411764705	0.0058823529411764705	0.0058823529411764705	0.21176470588235294	0.06470588235294118	0.0058823529411764705	0.09411764705882353	0.15294117647058825	0.03529411764705882	0.0058823529411764705	0.0058823529411764705
63	63	0.014285714285714287	0.014285714285714287	0.014285714285714287	0.014285714285714287	0.08571428571428572	0.3	0.014285714285714287	0.014285714285714287	0.014285714285714287	0.014285714285714287	0.014285714285714287	0.014285714285714287	0.014285714285714287	0.014285714285714287	0.014285714285714287	0.014285714285714287	0.014285714285714287	0.014285714285714287	0.014285714285714287	0.014285714285714287	0.3	0.014285714285714287	0.014285714285714287	0.014285714285714287	0.014285714285714287
64	64	0.011764705882352941	0.12941176470588237	0.011764705882352941	0.011764705882352941	0.011764705882352941	0.011764705882352941	0.011764705882352941	0.011764705882352941	0.011764705882352941	0.07058823529411765	0.07058823529411765	0.011764705882352941	0.011764705882352941	0.011764705882352941	0.011764705882352941	0.07058823529411765	0.011764705882352941	0.011764705882352941	0.07058823529411765	0.011764705882352941	0.12941176470588237	0.011764705882352941	0.07058823529411765	0.011764705882352941	0.18823529411764706
65	65	0.009523809523809525	0.05714285714285714	0.009523809523809525	0.009523809523809525	0.009523809523809525	0.009523809523809525	0.009523809523809525	0.29523809523809524	0.009523809523809525	0.009523809523809525	0.009523809523809525	0.009523809523809525	0.009523809523809525	0.009523809523809525	0.009523809523809525	0.10476190476190476	0.05714285714285714	0.009523809523809525	0.05714285714285714	0.009523809523809525	0.009523809523809525	0.009523809523809525	0.009523809523809525	0.009523809523809525	0.24761904761904763
66	66	0.018181818181818184	0.018181818181818184	0.018181818181818184	0.018181818181818184	0.018181818181818184	0.018181818181818184	0.018181818181818184	0.018181818181818184	0.018181818181818184	0.018181818181818184	0.018181818181818184	0.38181818181818183	0.018181818181818184	0.018181818181818184	0.018181818181818184	0.10909090909090909	0.018181818181818184	0.018181818181818184	0.10909090909090909	0.018181818181818184	0.018181818181818184	0.018181818181818184	0.018181818181818184	0.018181818181818184	0.018181818181818184
67	67	0.11000000000000001	0.01	0.01	0.01	0.01	0.01	0.01	0.01	0.01	0.01	0.01	0.11000000000000001	0.01	0.06	0.01	0.01	0.11000000000000001	0.01	0.01	0.01	0.01	0.06	0.01	0.36	0.01
68	68	0.015384615384615385	0.015384615384615385	0.24615384615384617	0.24615384615384617	0.015384615384615385	0.015384615384615385	0.015384615384615385	0.015384615384615385	0.015384615384615385	0.015384615384615385	0.015384615384615385	0.015384615384615385	0.015384615384615385	0.015384615384615385	0.015384615384615385	0.015384615384615385	0.015384615384615385	0.015384615384615385	0.015384615384615385	0.015384615384615385	0.015384615384615385	0.015384615384615385	0.015384615384615385	0.0923076923076923	0.0923076923076923
69	69	0.0064516129032258064	0.0064516129032258064	0.0064516129032258064	0.1032258064516129	0.0064516129032258064	0.0064516129032258064	0.3290322580645161	0.0064516129032258064	0.0064516129032258064	0.0064516129032258064	0.0064516129032258064	0.0064516129032258064	0.0064516129032258064	0.16774193548387098	0.1032258064516129	0.13548387096774195	0.0064516129032258064	0.03870967741935484	0.0064516129032258064	0.0064516129032258064	0.0064516129032258064	0.0064516129032258064	0.0064516129032258064	0.0064516129032258064	0.0064516129032258064
70	70	0.02857142857142857	0.004761904761904762	0.12380952380952381	0.004761904761904762	0.004761904761904762	0.004761904761904762	0.004761904761904762	0.004761904761904762	0.004761904761904762	0.26666666666666666	0.004761904761904762	0.004761904761904762	0.004761904761904762	0.004761904761904762	0.02857142857142857	0.004761904761904762	0.004761904761904762	0.004761904761904762	0.004761904761904762	0.004761904761904762	0.004761904761904762	0.0761904761904762	0.0761904761904762	0.3142857142857143	0.004761904761904762
71	71	0.005555555555555556	0.005555555555555556	0.005555555555555556	0.005555555555555556	0.005555555555555556	0.005555555555555556	0.061111111111111116	0.005555555555555556	0.005555555555555556	0.005555555555555556	0.005555555555555556	0.005555555555555556	0.005555555555555556	0.2833333333333333	0.005555555555555556	0.005555555555555556	0.005555555555555556	0.03333333333333333	0.061111111111111116	0.005555555555555556	0.061111111111111116	0.005555555555555556	0.061111111111111116	0.03333333333333333	0.3111111111111111
72	72	0.005128205128205128	0.005128205128205128	0.005128205128205128	0.41538461538461535	0.005128205128205128	0.005128205128205128	0.05641025641025642	0.005128205128205128	0.005128205128205128	0.21025641025641023	0.005128205128205128	0.005128205128205128	0.005128205128205128	0.13333333333333333	0.030769230769230767	0.05641025641025642	0.005128205128205128	0.005128205128205128	0.005128205128205128	0.005128205128205128	0.005128205128205128	0.005128205128205128	0.005128205128205128	0.005128205128205128	0.005128205128205128
73	73	0.004761904761904762	0.004761904761904762	0.004761904761904762	0.004761904761904762	0.004761904761904762	0.004761904761904762	0.004761904761904762	0.33809523809523806	0.004761904761904762	0.05238095238095238	0.004761904761904762	0.004761904761904762	0.004761904761904762	0.45714285714285713	0.004761904761904762	0.004761904761904762	0.004761904761904762	0.004761904761904762	0.004761904761904762	0.004761904761904762	0.004761904761904762	0.004761904761904762	0.004761904761904762	0.004761904761904762	0.05238095238095238
74	74	0.005128205128205128	0.21025641025641023	0.005128205128205128	0.005128205128205128	0.005128205128205128	0.005128205128205128	0.13333333333333333	0.005128205128205128	0.005128205128205128	0.030769230769230767	0.005128205128205128	0.030769230769230767	0.005128205128205128	0.08205128205128205	0.005128205128205128	0.005128205128205128	0.005128205128205128	0.05641025641025642	0.005128205128205128	0.005128205128205128	0.005128205128205128	0.005128205128205128	0.005128205128205128	0.3641025641025641	0.005128205128205128
75	75	0.006666666666666667	0.006666666666666667	0.006666666666666667	0.006666666666666667	0.006666666666666667	0.006666666666666667	0.006666666666666667	0.006666666666666667	0.07333333333333333	0.006666666666666667	0.006666666666666667	0.006666666666666667	0.07333333333333333	0.04	0.006666666666666667	0.006666666666666667	0.006666666666666667	0.07333333333333333	0.04	0.006666666666666667	0.006666666666666667	0.006666666666666667	0.17333333333333334	0.07333333333333333	0.33999999999999997
76	76	0.00392156862745098	0.00392156862745098	0.00392156862745098	0.00392156862745098	0.00392156862745098	0.00392156862745098	0.10196078431372549	0.04313725490196079	0.00392156862745098	0.00392156862745098	0.00392156862745098	0.00392156862745098	0.12156862745098039	0.2784313725490196	0.00392156862745098	0.00392156862745098	0.023529411764705882	0.00392156862745098	0.00392156862745098	0.00392156862745098	0.00392156862745098	0.023529411764705882	0.00392156862745098	0.00392156862745098	0.3372549019607843
77	77	0.030769230769230767	0.05641025641025642	0.005128205128205128	0.08205128205128205	0.005128205128205128	0.030769230769230767	0.005128205128205128	0.005128205128205128	0.005128205128205128	0.005128205128205128	0.030769230769230767	0.1076923076923077	0.005128205128205128	0.030769230769230767	0.13333333333333333	0.13333333333333333	0.005128205128205128	0.05641025641025642	0.030769230769230767	0.005128205128205128	0.005128205128205128	0.005128205128205128	0.005128205128205128	0.005128205128205128	0.21025641025641023
78	78	0.007692307692307693	0.08461538461538462	0.007692307692307693	0.007692307692307693	0.007692307692307693	0.04615384615384615	0.007692307692307693	0.08461538461538462	0.12307692307692308	0.007692307692307693	0.007692307692307693	0.04615384615384615	0.007692307692307693	0.3923076923076923	0.007692307692307693	0.007692307692307693	0.007692307692307693	0.04615384615384615	0.007692307692307693	0.007692307692307693	0.007692307692307693	0.007692307692307693	0.04615384615384615	0.007692307692307693	0.007692307692307693
79	79	0.015384615384615385	0.015384615384615385	0.015384615384615385	0.015384615384615385	0.015384615384615385	0.015384615384615385	0.015384615384615385	0.015384615384615385	0.015384615384615385	0.015384615384615385	0.6307692307692307	0.015384615384615385	0.015384615384615385	0.015384615384615385	0.015384615384615385	0.015384615384615385	0.015384615384615385	0.015384615384615385	0.015384615384615385	0.015384615384615385	0.015384615384615385	0.015384615384615385	0.015384615384615385	0.015384615384615385	0.015384615384615385
80	80	0.018181818181818184	0.018181818181818184	0.018181818181818184	0.018181818181818184	0.018181818181818184	0.018181818181818184	0.018181818181818184	0.018181818181818184	0.018181818181818184	0.018181818181818184	0.10909090909090909	0.29090909090909095	0.018181818181818184	0.10909090909090909	0.018181818181818184	0.018181818181818184	0.018181818181818184	0.018181818181818184	0.018181818181818184	0.018181818181818184	0.018181818181818184	0.10909090909090909	0.018181818181818184	0.018181818181818184	0.018181818181818184
81	81	0.006896551724137932	0.006896551724137932	0.006896551724137932	0.006896551724137932	0.11034482758620691	0.006896551724137932	0.041379310344827586	0.041379310344827586	0.07586206896551725	0.006896551724137932	0.006896551724137932	0.006896551724137932	0.006896551724137932	0.006896551724137932	0.006896551724137932	0.006896551724137932	0.006896551724137932	0.006896551724137932	0.42068965517241375	0.006896551724137932	0.006896551724137932	0.041379310344827586	0.006896551724137932	0.14482758620689656	0.006896551724137932
82	82	0.015384615384615385	0.015384615384615385	0.015384615384615385	0.015384615384615385	0.015384615384615385	0.015384615384615385	0.015384615384615385	0.015384615384615385	0.015384615384615385	0.015384615384615385	0.6307692307692307	0.015384615384615385	0.015384615384615385	0.015384615384615385	0.015384615384615385	0.015384615384615385	0.015384615384615385	0.015384615384615385	0.015384615384615385	0.015384615384615385	0.015384615384615385	0.015384615384615385	0.015384615384615385	0.015384615384615385	0.015384615384615385
83	83	0.006060606060606061	0.006060606060606061	0.006060606060606061	0.006060606060606061	0.006060606060606061	0.006060606060606061	0.09696969696969697	0.006060606060606061	0.006060606060606061	0.27878787878787875	0.006060606060606061	0.006060606060606061	0.006060606060606061	0.006060606060606061	0.006060606060606061	0.006060606060606061	0.006060606060606061	0.006060606060606061	0.006060606060606061	0.006060606060606061	0.1878787878787879	0.006060606060606061	0.006060606060606061	0.006060606060606061	0.3090909090909091
