0	0	0.02127659574468085	0.2765957446808511	0.48936170212765956	0.0851063829787234	0.1276595744680851
1	1	0.46296296296296297	0.018518518518518517	0.07407407407407407	0.4074074074074074	0.037037037037037035
2	2	0.19444444444444445	0.1111111111111111	0.3055555555555556	0.05555555555555555	0.3333333333333333
3	3	0.3333333333333333	0.06060606060606061	0.18181818181818182	0.12121212121212122	0.30303030303030304
4	4	0.2857142857142857	0.2857142857142857	0.14285714285714285	0.14285714285714285	0.14285714285714285
5	5	0.32142857142857145	0.42857142857142855	0.07142857142857142	0.03571428571428571	0.14285714285714285
6	6	0.6097560975609756	0.024390243902439025	0.17073170731707318	0.14634146341463414	0.04878048780487805
7	7	0.13043478260869565	0.08695652173913043	0.30434782608695654	0.21739130434782608	0.2608695652173913
8	8	0.2692307692307692	0.038461538461538464	0.15384615384615385	0.4423076923076923	0.09615384615384616
9	9	0.015151515151515152	0.07575757575757576	0.12121212121212122	0.7121212121212122	0.07575757575757576
10	10	0.1076923076923077	0.18461538461538463	0.4307692307692308	0.15384615384615385	0.12307692307692308
11	11	0.037037037037037035	0.7592592592592593	0.05555555555555555	0.09259259259259259	0.05555555555555555
12	12	0.08045977011494253	0.06896551724137931	0.6436781609195402	0.04597701149425287	0.16091954022988506
13	13	0.25	0.19736842105263158	0.3157894736842105	0.10526315789473684	0.13157894736842105
14	14	0.10810810810810811	0.13513513513513514	0.16216216216216217	0.13513513513513514	0.4594594594594595
15	15	0.12121212121212122	0.030303030303030304	0.2727272727272727	0.3939393939393939	0.18181818181818182
16	16	0.2	0.08	0.52	0.08	0.12
17	17	0.36666666666666664	0.2	0.03333333333333333	0.03333333333333333	0.36666666666666664
18	18	0.13636363636363635	0.18181818181818182	0.22727272727272727	0.2727272727272727	0.18181818181818182
19	19	0.08695652173913043	0.2608695652173913	0.08695652173913043	0.4782608695652174	0.08695652173913043
20	20	0.14285714285714285	0.14285714285714285	0.14285714285714285	0.2857142857142857	0.2857142857142857
21	21	0.23333333333333334	0.03333333333333333	0.26666666666666666	0.4	0.06666666666666667
22	22	0.24615384615384617	0.27692307692307694	0.13846153846153847	0.27692307692307694	0.06153846153846154
23	23	0.16666666666666666	0.4166666666666667	0.16666666666666666	0.08333333333333333	0.16666666666666666
24	24	0.46	0.16	0.16	0.12	0.1
25	25	0.2736842105263158	0.21052631578947367	0.14736842105263157	0.24210526315789474	0.12631578947368421
26	26	0.06666666666666667	0.03333333333333333	0.23333333333333334	0.45	0.21666666666666667
27	27	0.020833333333333332	0.020833333333333332	0.15625	0.19791666666666666	0.6041666666666666
28	28	0.2727272727272727	0.12121212121212122	0.3333333333333333	0.15151515151515152	0.12121212121212122
29	29	0.1875	0.03125	0.40625	0.28125	0.09375
30	30	0.15384615384615385	0.3076923076923077	0.15384615384615385	0.15384615384615385	0.23076923076923078
31	31	0.015384615384615385	0.015384615384615385	0.15384615384615385	0.06153846153846154	0.7538461538461538
32	32	0.8529411764705882	0.029411764705882353	0.029411764705882353	0.029411764705882353	0.058823529411764705
33	33	0.20512820512820512	0.15384615384615385	0.3333333333333333	0.02564102564102564	0.28205128205128205
34	34	0.2222222222222222	0.3888888888888889	0.1388888888888889	0.08333333333333333	0.16666666666666666
35	35	0.038461538461538464	0.34615384615384615	0.038461538461538464	0.038461538461538464	0.5384615384615384
36	36	0.16666666666666666	0.16666666666666666	0.1111111111111111	0.4166666666666667	0.1388888888888889
37	37	0.02564102564102564	0.4358974358974359	0.1794871794871795	0.2564102564102564	0.10256410256410256
38	38	0.2564102564102564	0.28205128205128205	0.1282051282051282	0.05128205128205128	0.28205128205128205
39	39	0.18604651162790697	0.023255813953488372	0.5348837209302325	0.11627906976744186	0.13953488372093023
40	40	0.06451612903225806	0.44086021505376344	0.17204301075268819	0.010752688172043012	0.3118279569892473
41	41	0.3125	0.0625	0.20833333333333334	0.14583333333333334	0.2708333333333333
42	42	0.043478260869565216	0.21739130434782608	0.5869565217391305	0.021739130434782608	0.13043478260869565
43	43	0.14285714285714285	0.11904761904761904	0.2857142857142857	0.19047619047619047	0.2619047619047619
44	44	0.5675675675675675	0.24324324324324326	0.10810810810810811	0.02702702702702703	0.05405405405405406
45	45	0.29411764705882354	0.09803921568627451	0.23529411764705882	0.19607843137254902	0.17647058823529413
46	46	0.023809523809523808	0.11904761904761904	0.16666666666666666	0.6666666666666666	0.023809523809523808
47	47	0.041666666666666664	0.20833333333333334	0.25	0.20833333333333334	0.2916666666666667
48	48	0.23076923076923078	0.358974358974359	0.23076923076923078	0.10256410256410256	0.07692307692307693
49	49	0.5135135135135135	0.10810810810810811	0.13513513513513514	0.10810810810810811	0.13513513513513514
50	50	0.17391304347826086	0.10869565217391304	0.13043478260869565	0.3695652173913043	0.21739130434782608
51	51	0.7058823529411765	0.029411764705882353	0.058823529411764705	0.029411764705882353	0.17647058823529413
52	52	0.38235294117647056	0.14705882352941177	0.029411764705882353	0.23529411764705882	0.20588235294117646
53	53	0.6129032258064516	0.06451612903225806	0.03225806451612903	0.25806451612903225	0.03225806451612903
54	54	0.6363636363636364	0.022727272727272728	0.09090909090909091	0.13636363636363635	0.11363636363636363
55	55	0.4838709677419355	0.06451612903225806	0.12903225806451613	0.0967741935483871	0.22580645161290322
56	56	0.5806451612903226	0.12903225806451613	0.06451612903225806	0.12903225806451613	0.0967741935483871
57	57	0.35714285714285715	0.023809523809523808	0.14285714285714285	0.42857142857142855	0.047619047619047616
58	58	0.5111111111111111	0.13333333333333333	0.022222222222222223	0.3111111111111111	0.022222222222222223
59	59	0.13953488372093023	0.09302325581395349	0.023255813953488372	0.16279069767441862	0.5813953488372093
60	60	0.10810810810810811	0.21621621621621623	0.24324324324324326	0.1891891891891892	0.24324324324324326
61	61	0.08333333333333333	0.05555555555555555	0.3611111111111111	0.25	0.25
62	62	0.06451612903225806	0.06451612903225806	0.2903225806451613	0.0967741935483871	0.4838709677419355
63	63	0.014705882352941176	0.22058823529411764	0.5441176470588235	0.08823529411764706	0.1323529411764706
64	64	0.02631578947368421	0.13157894736842105	0.7368421052631579	0.05263157894736842	0.05263157894736842
65	65	0.5333333333333333	0.03333333333333333	0.13333333333333333	0.16666666666666666	0.13333333333333333
66	66	0.27586206896551724	0.06896551724137931	0.3448275862068966	0.13793103448275862	0.1724137931034483
67	67	0.16666666666666666	0.06666666666666667	0.03333333333333333	0.4	0.3333333333333333
68	68	0.046153846153846156	0.03076923076923077	0.06153846153846154	0.2153846153846154	0.6461538461538462
69	69	0.061224489795918366	0.4897959183673469	0.20408163265306123	0.061224489795918366	0.1836734693877551
70	70	0.32727272727272727	0.01818181818181818	0.2909090909090909	0.21818181818181817	0.14545454545454545
71	71	0.030303030303030304	0.13636363636363635	0.6515151515151515	0.06060606060606061	0.12121212121212122
72	72	0.25	0.05	0.25	0.05	0.4
73	73	0.14285714285714285	0.2857142857142857	0.14285714285714285	0.14285714285714285	0.2857142857142857
74	74	0.02631578947368421	0.23684210526315788	0.13157894736842105	0.5	0.10526315789473684
75	75	0.2857142857142857	0.2727272727272727	0.1038961038961039	0.025974025974025976	0.3116883116883117
76	76	0.18604651162790697	0.13953488372093023	0.13953488372093023	0.06976744186046512	0.46511627906976744
77	77	0.55	0.05	0.2	0.05	0.15
78	78	0.1111111111111111	0.1111111111111111	0.16666666666666666	0.5555555555555556	0.05555555555555555
79	79	0.4583333333333333	0.16666666666666666	0.125	0.20833333333333334	0.041666666666666664
80	80	0.5111111111111111	0.2	0.044444444444444446	0.044444444444444446	0.2
81	81	0.625	0.15625	0.09375	0.0625	0.0625
82	82	0.2777777777777778	0.18518518518518517	0.46296296296296297	0.037037037037037035	0.037037037037037035
83	83	0.1724137931034483	0.034482758620689655	0.034482758620689655	0.6551724137931034	0.10344827586206896
84	84	0.6206896551724138	0.10344827586206896	0.034482758620689655	0.06896551724137931	0.1724137931034483
85	85	0.21875	0.09375	0.125	0.375	0.1875
86	86	0.03571428571428571	0.03571428571428571	0.05357142857142857	0.2857142857142857	0.5892857142857143
87	87	0.5178571428571429	0.125	0.17857142857142858	0.05357142857142857	0.125
88	88	0.1375	0.1625	0.5125	0.1375	0.05
89	89	0.058823529411764705	0.25882352941176473	0.4823529411764706	0.047058823529411764	0.15294117647058825
90	90	0.2894736842105263	0.15789473684210525	0.07894736842105263	0.3157894736842105	0.15789473684210525
91	91	0.017241379310344827	0.034482758620689655	0.3103448275862069	0.5689655172413793	0.06896551724137931
92	92	0.42857142857142855	0.07142857142857142	0.10714285714285714	0.14285714285714285	0.25
93	93	0.34782608695652173	0.043478260869565216	0.043478260869565216	0.17391304347826086	0.391304347826087
94	94	0.19047619047619047	0.2698412698412698	0.015873015873015872	0.25396825396825395	0.2698412698412698
95	95	0.0975609756097561	0.34146341463414637	0.21951219512195122	0.3170731707317073	0.024390243902439025
96	96	0.1794871794871795	0.07692307692307693	0.41025641025641024	0.3076923076923077	0.02564102564102564
97	97	0.48148148148148145	0.07407407407407407	0.2962962962962963	0.1111111111111111	0.037037037037037035
98	98	0.42424242424242425	0.24242424242424243	0.12121212121212122	0.030303030303030304	0.18181818181818182
99	99	0.05263157894736842	0.02631578947368421	0.4473684210526316	0.02631578947368421	0.4473684210526316
100	100	0.09090909090909091	0.03636363636363636	0.32727272727272727	0.4909090909090909	0.05454545454545454
101	101	0.35	0.075	0.1	0.325	0.15
102	102	0.8717948717948718	0.02564102564102564	0.02564102564102564	0.05128205128205128	0.02564102564102564
103	103	0.375	0.0625	0.03125	0.09375	0.4375
104	104	0.34285714285714286	0.11428571428571428	0.14285714285714285	0.37142857142857144	0.02857142857142857
105	105	0.32142857142857145	0.14285714285714285	0.17857142857142858	0.21428571428571427	0.14285714285714285
106	106	0.2558139534883721	0.06976744186046512	0.11627906976744186	0.46511627906976744	0.09302325581395349
107	107	0.34782608695652173	0.13043478260869565	0.21739130434782608	0.08695652173913043	0.21739130434782608
108	108	0.05555555555555555	0.3888888888888889	0.3333333333333333	0.1111111111111111	0.1111111111111111
109	109	0.15384615384615385	0.3076923076923077	0.10256410256410256	0.38461538461538464	0.05128205128205128
110	110	0.4166666666666667	0.0625	0.1875	0.0625	0.2708333333333333
111	111	0.6486486486486487	0.16216216216216217	0.02702702702702703	0.13513513513513514	0.02702702702702703
112	112	0.01639344262295082	0.6721311475409836	0.09836065573770492	0.19672131147540983	0.01639344262295082
113	113	0.13924050632911392	0.26582278481012656	0.24050632911392406	0.05063291139240506	0.3037974683544304
114	114	0.36923076923076925	0.23076923076923078	0.046153846153846156	0.2153846153846154	0.13846153846153847
115	115	0.35294117647058826	0.058823529411764705	0.029411764705882353	0.5	0.058823529411764705
116	116	0.0967741935483871	0.22580645161290322	0.03225806451612903	0.03225806451612903	0.6129032258064516
117	117	0.2222222222222222	0.05555555555555555	0.2222222222222222	0.3333333333333333	0.16666666666666666
118	118	0.1724137931034483	0.13793103448275862	0.034482758620689655	0.2413793103448276	0.41379310344827586
119	119	0.1111111111111111	0.022222222222222223	0.37777777777777777	0.4222222222222222	0.06666666666666667
120	120	0.3448275862068966	0.05172413793103448	0.017241379310344827	0.05172413793103448	0.5344827586206896
121	121	0.5714285714285714	0.23809523809523808	0.047619047619047616	0.047619047619047616	0.09523809523809523
122	122	0.1111111111111111	0.1111111111111111	0.1111111111111111	0.4444444444444444	0.2222222222222222
123	123	0.36666666666666664	0.06666666666666667	0.2	0.13333333333333333	0.23333333333333334
124	124	0.2692307692307692	0.11538461538461539	0.46153846153846156	0.11538461538461539	0.038461538461538464
125	125	0.1794871794871795	0.2564102564102564	0.20512820512820512	0.3076923076923077	0.05128205128205128
126	126	0.42857142857142855	0.14285714285714285	0.09523809523809523	0.23809523809523808	0.09523809523809523
127	127	0.0410958904109589	0.1095890410958904	0.6301369863013698	0.0136986301369863	0.2054794520547945
128	128	0.06666666666666667	0.02	0.08	0.8266666666666667	0.006666666666666667
129	129	0.05714285714285714	0.08571428571428572	0.02857142857142857	0.6571428571428571	0.17142857142857143
130	130	0.2619047619047619	0.023809523809523808	0.023809523809523808	0.023809523809523808	0.6666666666666666
131	131	0.4166666666666667	0.0625	0.08333333333333333	0.14583333333333334	0.2916666666666667
132	132	0.15	0.175	0.1	0.475	0.1
133	133	0.09375	0.65625	0.15625	0.03125	0.0625
134	134	0.36666666666666664	0.03333333333333333	0.13333333333333333	0.4	0.06666666666666667
135	135	0.038461538461538464	0.07692307692307693	0.6153846153846154	0.23076923076923078	0.038461538461538464
136	136	0.058823529411764705	0.19607843137254902	0.09803921568627451	0.35294117647058826	0.29411764705882354
137	137	0.6206896551724138	0.10344827586206896	0.10344827586206896	0.13793103448275862	0.034482758620689655
138	138	0.4393939393939394	0.09090909090909091	0.16666666666666666	0.19696969696969696	0.10606060606060606
139	139	0.07142857142857142	0.21428571428571427	0.4642857142857143	0.21428571428571427	0.03571428571428571
140	140	0.2631578947368421	0.10526315789473684	0.05263157894736842	0.15789473684210525	0.42105263157894735
141	141	0.22857142857142856	0.05714285714285714	0.17142857142857143	0.08571428571428572	0.45714285714285713
142	142	0.043478260869565216	0.34782608695652173	0.06521739130434782	0.17391304347826086	0.3695652173913043
143	143	0.02564102564102564	0.717948717948718	0.05128205128205128	0.1794871794871795	0.02564102564102564
144	144	0.5362318840579711	0.10144927536231885	0.014492753623188406	0.3188405797101449	0.028985507246376812
145	145	0.3125	0.1875	0.15625	0.3125	0.03125
146	146	0.29545454545454547	0.09090909090909091	0.10227272727272728	0.03409090909090909	0.4772727272727273
147	147	0.38095238095238093	0.23809523809523808	0.09523809523809523	0.047619047619047616	0.23809523809523808
148	148	0.37209302325581395	0.23255813953488372	0.23255813953488372	0.023255813953488372	0.13953488372093023
149	149	0.5454545454545454	0.09090909090909091	0.18181818181818182	0.13636363636363635	0.045454545454545456
150	150	0.42857142857142855	0.03571428571428571	0.10714285714285714	0.17857142857142858	0.25
151	151	0.16129032258064516	0.2903225806451613	0.22580645161290322	0.25806451612903225	0.06451612903225806
152	152	0.061224489795918366	0.02040816326530612	0.20408163265306123	0.5102040816326531	0.20408163265306123
153	153	0.4	0.12	0.08	0.16	0.24
154	154	0.11764705882352941	0.0196078431372549	0.3333333333333333	0.4117647058823529	0.11764705882352941
155	155	0.3225806451612903	0.25806451612903225	0.1935483870967742	0.06451612903225806	0.16129032258064516
156	156	0.03225806451612903	0.3225806451612903	0.03225806451612903	0.03225806451612903	0.5806451612903226
157	157	0.14285714285714285	0.14285714285714285	0.14285714285714285	0.42857142857142855	0.14285714285714285
158	158	0.7058823529411765	0.11764705882352941	0.058823529411764705	0.09803921568627451	0.0196078431372549
159	159	0.2702702702702703	0.02702702702702703	0.5135135135135135	0.05405405405405406	0.13513513513513514
160	160	0.5102040816326531	0.24489795918367346	0.08163265306122448	0.12244897959183673	0.04081632653061224
161	161	0.14925373134328357	0.6716417910447762	0.14925373134328357	0.014925373134328358	0.014925373134328358
162	162	0.04310344827586207	0.0603448275862069	0.5	0.3793103448275862	0.017241379310344827
163	163	0.06818181818181818	0.22727272727272727	0.4090909090909091	0.2727272727272727	0.022727272727272728
164	164	0.36363636363636365	0.15151515151515152	0.15151515151515152	0.30303030303030304	0.030303030303030304
165	165	0.1891891891891892	0.10810810810810811	0.35135135135135137	0.2702702702702703	0.08108108108108109
166	166	0.23809523809523808	0.047619047619047616	0.3333333333333333	0.14285714285714285	0.23809523809523808
167	167	0.09090909090909091	0.18181818181818182	0.030303030303030304	0.21212121212121213	0.48484848484848486
168	168	0.38461538461538464	0.2923076923076923	0.13846153846153847	0.06153846153846154	0.12307692307692308
169	169	0.02	0.32	0.04	0.08	0.54
170	170	0.2692307692307692	0.07692307692307693	0.07692307692307693	0.4230769230769231	0.15384615384615385
171	171	0.078125	0.140625	0.53125	0.1875	0.0625
172	172	0.23529411764705882	0.11764705882352941	0.4117647058823529	0.058823529411764705	0.17647058823529413
173	173	0.21428571428571427	0.1836734693877551	0.11224489795918367	0.37755102040816324	0.11224489795918367
174	174	0.5411764705882353	0.3058823529411765	0.058823529411764705	0.047058823529411764	0.047058823529411764
175	175	0.045454545454545456	0.11363636363636363	0.6136363636363636	0.20454545454545456	0.022727272727272728
176	176	0.2714285714285714	0.04285714285714286	0.44285714285714284	0.18571428571428572	0.05714285714285714
177	177	0.06349206349206349	0.746031746031746	0.09523809523809523	0.047619047619047616	0.047619047619047616
178	178	0.2962962962962963	0.037037037037037035	0.4074074074074074	0.07407407407407407	0.18518518518518517
179	179	0.5	0.225	0.025	0.025	0.225
180	180	0.16216216216216217	0.5135135135135135	0.08108108108108109	0.21621621621621623	0.02702702702702703
181	181	0.4473684210526316	0.2631578947368421	0.10526315789473684	0.15789473684210525	0.02631578947368421
182	182	0.16129032258064516	0.4838709677419355	0.03225806451612903	0.25806451612903225	0.06451612903225806
183	183	0.08108108108108109	0.08108108108108109	0.13513513513513514	0.6216216216216216	0.08108108108108109
184	184	0.8157894736842105	0.02631578947368421	0.02631578947368421	0.10526315789473684	0.02631578947368421
185	185	0.12903225806451613	0.1935483870967742	0.12903225806451613	0.16129032258064516	0.3870967741935484
186	186	0.125	0.25	0.15625	0.09375	0.375
187	187	0.12	0.08	0.48	0.16	0.16
188	188	0.3076923076923077	0.23076923076923078	0.07692307692307693	0.1282051282051282	0.2564102564102564
189	189	0.15555555555555556	0.022222222222222223	0.37777777777777777	0.28888888888888886	0.15555555555555556
190	190	0.1839080459770115	0.13793103448275862	0.20689655172413793	0.05747126436781609	0.41379310344827586
191	191	0.2619047619047619	0.047619047619047616	0.14285714285714285	0.35714285714285715	0.19047619047619047
192	192	0.1891891891891892	0.08108108108108109	0.32432432432432434	0.13513513513513514	0.2702702702702703
193	193	0.5416666666666666	0.0625	0.020833333333333332	0.3541666666666667	0.020833333333333332
194	194	0.022222222222222223	0.4888888888888889	0.1111111111111111	0.15555555555555556	0.2222222222222222
195	195	0.08333333333333333	0.3333333333333333	0.25	0.25	0.08333333333333333
196	196	0.35294117647058826	0.23529411764705882	0.2647058823529412	0.029411764705882353	0.11764705882352941
197	197	0.3870967741935484	0.16129032258064516	0.16129032258064516	0.25806451612903225	0.03225806451612903
198	198	0.11538461538461539	0.4230769230769231	0.2692307692307692	0.07692307692307693	0.11538461538461539
199	199	0.08333333333333333	0.041666666666666664	0.5	0.25	0.125
200	200	0.2553191489361702	0.06382978723404255	0.48936170212765956	0.14893617021276595	0.0425531914893617
201	201	0.12	0.02666666666666667	0.6666666666666666	0.16	0.02666666666666667
202	202	0.05357142857142857	0.07142857142857142	0.08928571428571429	0.26785714285714285	0.5178571428571429
203	203	0.2911392405063291	0.012658227848101266	0.46835443037974683	0.10126582278481013	0.12658227848101267
204	204	0.13333333333333333	0.08888888888888889	0.2222222222222222	0.3111111111111111	0.24444444444444444
205	205	0.2777777777777778	0.05555555555555555	0.37037037037037035	0.07407407407407407	0.2222222222222222
206	206	0.05555555555555555	0.19444444444444445	0.3888888888888889	0.05555555555555555	0.3055555555555556
207	207	0.25	0.05	0.225	0.3	0.175
208	208	0.35714285714285715	0.03571428571428571	0.14285714285714285	0.03571428571428571	0.42857142857142855
209	209	0.12903225806451613	0.5483870967741935	0.12903225806451613	0.0967741935483871	0.0967741935483871
210	210	0.25806451612903225	0.03225806451612903	0.0967741935483871	0.3548387096774194	0.25806451612903225
211	211	0.13043478260869565	0.08695652173913043	0.043478260869565216	0.17391304347826086	0.5652173913043478
212	212	0.07142857142857142	0.5714285714285714	0.14285714285714285	0.14285714285714285	0.07142857142857142
213	213	0.2	0.16	0.34	0.06	0.24
214	214	0.4666666666666667	0.022222222222222223	0.06666666666666667	0.4222222222222222	0.022222222222222223
215	215	0.375	0.0625	0.3125	0.21875	0.03125
216	216	0.24	0.24	0.24	0.2	0.08
217	217	0.13513513513513514	0.43243243243243246	0.10810810810810811	0.21621621621621623	0.10810810810810811
218	218	0.48	0.24	0.04	0.16	0.08
219	219	0.14285714285714285	0.05714285714285714	0.4857142857142857	0.2857142857142857	0.02857142857142857
220	220	0.038461538461538464	0.038461538461538464	0.6153846153846154	0.19230769230769232	0.11538461538461539
221	221	0.058823529411764705	0.14705882352941177	0.14705882352941177	0.2647058823529412	0.38235294117647056
222	222	0.06451612903225806	0.3548387096774194	0.2903225806451613	0.16129032258064516	0.12903225806451613
223	223	0.6027397260273972	0.1232876712328767	0.0410958904109589	0.0136986301369863	0.2191780821917808
224	224	0.1566265060240964	0.10843373493975904	0.37349397590361444	0.3132530120481928	0.04819277108433735
225	225	0.676923076923077	0.09230769230769231	0.1076923076923077	0.07692307692307693	0.046153846153846156
226	226	0.17777777777777778	0.044444444444444446	0.15555555555555556	0.35555555555555557	0.26666666666666666
227	227	0.0625	0.015625	0.6875	0.21875	0.015625
228	228	0.38333333333333336	0.06666666666666667	0.4166666666666667	0.1	0.03333333333333333
229	229	0.3125	0.09375	0.09375	0.375	0.125
230	230	0.358974358974359	0.10256410256410256	0.02564102564102564	0.28205128205128205	0.23076923076923078
231	231	0.021739130434782608	0.15217391304347827	0.43478260869565216	0.2391304347826087	0.15217391304347827
232	232	0.42857142857142855	0.34285714285714286	0.05714285714285714	0.02857142857142857	0.14285714285714285
233	233	0.38636363636363635	0.022727272727272728	0.06818181818181818	0.4318181818181818	0.09090909090909091
234	234	0.08333333333333333	0.4166666666666667	0.08333333333333333	0.25	0.16666666666666666
235	235	0.02857142857142857	0.11428571428571428	0.2	0.45714285714285713	0.2
236	236	0.36904761904761907	0.023809523809523808	0.42857142857142855	0.08333333333333333	0.09523809523809523
237	237	0.4731182795698925	0.021505376344086023	0.15053763440860216	0.11827956989247312	0.23655913978494625
238	238	0.0136986301369863	0.0821917808219178	0.1232876712328767	0.0547945205479452	0.726027397260274
239	239	0.02	0.02	0.66	0.28	0.02
240	240	0.15555555555555556	0.4888888888888889	0.022222222222222223	0.08888888888888889	0.24444444444444444
241	241	0.03773584905660377	0.3018867924528302	0.11320754716981132	0.4528301886792453	0.09433962264150944
242	242	0.20512820512820512	0.10256410256410256	0.20512820512820512	0.2564102564102564	0.23076923076923078
243	243	0.24324324324324326	0.10810810810810811	0.05405405405405406	0.4864864864864865	0.10810810810810811
244	244	0.18518518518518517	0.4074074074074074	0.2962962962962963	0.037037037037037035	0.07407407407407407
245	245	0.2	0.2	0.18	0.2	0.22
246	246	0.4772727272727273	0.18181818181818182	0.022727272727272728	0.1590909090909091	0.1590909090909091
247	247	0.06521739130434782	0.043478260869565216	0.717391304347826	0.021739130434782608	0.15217391304347827
248	248	0.3157894736842105	0.23684210526315788	0.07894736842105263	0.10526315789473684	0.2631578947368421
249	249	0.1875	0.34375	0.34375	0.09375	0.03125
250	250	0.1	0.03333333333333333	0.03333333333333333	0.7666666666666667	0.06666666666666667
251	251	0.2857142857142857	0.25	0.10714285714285714	0.10714285714285714	0.25
252	252	0.375	0.25	0.25	0.0625	0.0625
253	253	0.045454545454545456	0.045454545454545456	0.36363636363636365	0.045454545454545456	0.5
254	254	0.3125	0.34375	0.09375	0.125	0.125
255	255	0.5365853658536586	0.17073170731707318	0.024390243902439025	0.14634146341463414	0.12195121951219512
256	256	0.45454545454545453	0.11363636363636363	0.022727272727272728	0.29545454545454547	0.11363636363636363
257	257	0.16666666666666666	0.047619047619047616	0.11904761904761904	0.5	0.16666666666666666
258	258	0.32	0.28	0.12	0.16	0.12
259	259	0.14285714285714285	0.14285714285714285	0.2857142857142857	0.09523809523809523	0.3333333333333333
260	260	0.7027027027027027	0.02702702702702703	0.10810810810810811	0.10810810810810811	0.05405405405405406
261	261	0.07017543859649122	0.17543859649122806	0.47368421052631576	0.24561403508771928	0.03508771929824561
262	262	0.07894736842105263	0.39473684210526316	0.2894736842105263	0.10526315789473684	0.13157894736842105
263	263	0.25396825396825395	0.09523809523809523	0.30158730158730157	0.2222222222222222	0.12698412698412698
264	264	0.075	0.2	0.075	0.35	0.3
265	265	0.07692307692307693	0.15384615384615385	0.15384615384615385	0.3076923076923077	0.3076923076923077
266	266	0.017241379310344827	0.5344827586206896	0.3448275862068966	0.017241379310344827	0.08620689655172414
267	267	0.17391304347826086	0.3695652173913043	0.32608695652173914	0.06521739130434782	0.06521739130434782
268	268	0.06474820143884892	0.6258992805755396	0.16546762589928057	0.10071942446043165	0.04316546762589928
269	269	0.15	0.2	0.1	0.1	0.45
270	270	0.1	0.1	0.275	0.125	0.4
271	271	0.06382978723404255	0.19148936170212766	0.44680851063829785	0.2765957446808511	0.02127659574468085
272	272	0.08771929824561403	0.47368421052631576	0.07017543859649122	0.22807017543859648	0.14035087719298245
273	273	0.24390243902439024	0.07317073170731707	0.14634146341463414	0.3902439024390244	0.14634146341463414
274	274	0.28125	0.3125	0.0625	0.3125	0.03125
275	275	0.20588235294117646	0.08823529411764706	0.058823529411764705	0.17647058823529413	0.47058823529411764
276	276	0.17647058823529413	0.5882352941176471	0.11764705882352941	0.058823529411764705	0.058823529411764705
277	277	0.12903225806451613	0.06451612903225806	0.1935483870967742	0.2903225806451613	0.3225806451612903
278	278	0.29508196721311475	0.13114754098360656	0.22950819672131148	0.04918032786885246	0.29508196721311475
279	279	0.06818181818181818	0.022727272727272728	0.6590909090909091	0.13636363636363635	0.11363636363636363
280	280	0.1282051282051282	0.10256410256410256	0.10256410256410256	0.41025641025641024	0.2564102564102564
281	281	0.3448275862068966	0.4482758620689655	0.034482758620689655	0.06896551724137931	0.10344827586206896
282	282	0.02702702702702703	0.2702702702702703	0.10810810810810811	0.12162162162162163	0.47297297297297297
283	283	0.1388888888888889	0.25	0.1388888888888889	0.16666666666666666	0.3055555555555556
284	284	0.2857142857142857	0.5	0.03571428571428571	0.10714285714285714	0.07142857142857142
285	285	0.23214285714285715	0.08928571428571429	0.017857142857142856	0.03571428571428571	0.625
286	286	0.3157894736842105	0.05263157894736842	0.02631578947368421	0.15789473684210525	0.4473684210526316
287	287	0.07692307692307693	0.07692307692307693	0.6153846153846154	0.07692307692307693	0.15384615384615385
288	288	0.03125	0.3125	0.5	0.125	0.03125
289	289	0.15151515151515152	0.09090909090909091	0.30303030303030304	0.21212121212121213	0.24242424242424243
290	290	0.21428571428571427	0.21428571428571427	0.42857142857142855	0.07142857142857142	0.07142857142857142
291	291	0.07692307692307693	0.15384615384615385	0.38461538461538464	0.23076923076923078	0.15384615384615385
292	292	0.14814814814814814	0.37037037037037035	0.1111111111111111	0.3333333333333333	0.037037037037037035
293	293	0.578125	0.1875	0.0625	0.09375	0.078125
294	294	0.4222222222222222	0.06666666666666667	0.17777777777777778	0.08888888888888889	0.24444444444444444
295	295	0.23880597014925373	0.13432835820895522	0.19402985074626866	0.04477611940298507	0.3880597014925373
296	296	0.203125	0.078125	0.25	0.015625	0.453125
297	297	0.021739130434782608	0.21739130434782608	0.32608695652173914	0.043478260869565216	0.391304347826087
298	298	0.2702702702702703	0.35135135135135137	0.16216216216216217	0.08108108108108109	0.13513513513513514
299	299	0.12280701754385964	0.3508771929824561	0.10526315789473684	0.19298245614035087	0.22807017543859648
300	300	0.10204081632653061	0.04081632653061224	0.5102040816326531	0.2857142857142857	0.061224489795918366
301	301	0.375	0.375	0.125	0.0625	0.0625
302	302	0.5945945945945946	0.1891891891891892	0.16216216216216217	0.02702702702702703	0.02702702702702703
303	303	0.38095238095238093	0.14285714285714285	0.14285714285714285	0.09523809523809523	0.23809523809523808
304	304	0.3076923076923077	0.20512820512820512	0.1794871794871795	0.15384615384615385	0.15384615384615385
305	305	0.11428571428571428	0.08571428571428572	0.08571428571428572	0.2	0.5142857142857142
306	306	0.4166666666666667	0.2777777777777778	0.05555555555555555	0.2222222222222222	0.027777777777777776
307	307	0.03773584905660377	0.09433962264150944	0.03773584905660377	0.16981132075471697	0.660377358490566
308	308	0.05172413793103448	0.017241379310344827	0.034482758620689655	0.8793103448275862	0.017241379310344827
309	309	0.14583333333333334	0.3333333333333333	0.4166666666666667	0.08333333333333333	0.020833333333333332
310	310	0.029850746268656716	0.05970149253731343	0.7313432835820896	0.13432835820895522	0.04477611940298507
311	311	0.125	0.525	0.15	0.1	0.1
312	312	0.4358974358974359	0.02564102564102564	0.07692307692307693	0.358974358974359	0.10256410256410256
313	313	0.25925925925925924	0.18518518518518517	0.14814814814814814	0.37037037037037035	0.037037037037037035
314	314	0.10526315789473684	0.7105263157894737	0.07894736842105263	0.02631578947368421	0.07894736842105263
315	315	0.43478260869565216	0.17391304347826086	0.043478260869565216	0.043478260869565216	0.30434782608695654
316	316	0.5666666666666667	0.06666666666666667	0.03333333333333333	0.13333333333333333	0.2
317	317	0.027777777777777776	0.6111111111111112	0.05555555555555555	0.1111111111111111	0.19444444444444445
318	318	0.34	0.1	0.22	0.1	0.24
319	319	0.10714285714285714	0.03571428571428571	0.03571428571428571	0.42857142857142855	0.39285714285714285
320	320	0.6078431372549019	0.0196078431372549	0.09803921568627451	0.19607843137254902	0.0784313725490196
321	321	0.3076923076923077	0.46153846153846156	0.07692307692307693	0.07692307692307693	0.07692307692307693
322	322	0.3584905660377358	0.09433962264150944	0.11320754716981132	0.1509433962264151	0.2830188679245283
323	323	0.0625	0.125	0.08333333333333333	0.6875	0.041666666666666664
324	324	0.1016949152542373	0.3050847457627119	0.0847457627118644	0.01694915254237288	0.4915254237288136
325	325	0.09523809523809523	0.2619047619047619	0.38095238095238093	0.023809523809523808	0.23809523809523808
