0	0	0.00326797385620915	0.00326797385620915	0.00326797385620915	0.00326797385620915	0.00326797385620915	0.00326797385620915	0.00326797385620915	0.06209150326797385	0.00326797385620915	0.08169934640522876	0.00326797385620915	0.04248366013071895	0.00326797385620915	0.022875816993464054	0.00326797385620915	0.00326797385620915	0.00326797385620915	0.06209150326797385	0.19934640522875816	0.00326797385620915	0.00326797385620915	0.04248366013071895	0.2777777777777778	0.00326797385620915	0.00326797385620915	0.08169934640522876	0.00326797385620915	0.00326797385620915	0.06209150326797385	0.00326797385620915
1	1	0.0045045045045045045	0.031531531531531536	0.05855855855855856	0.0045045045045045045	0.0045045045045045045	0.031531531531531536	0.0045045045045045045	0.031531531531531536	0.0045045045045045045	0.0045045045045045045	0.16666666666666669	0.0045045045045045045	0.05855855855855856	0.0045045045045045045	0.031531531531531536	0.3018018018018018	0.0045045045045045045	0.05855855855855856	0.0045045045045045045	0.0045045045045045045	0.0045045045045045045	0.0045045045045045045	0.0045045045045045045	0.0045045045045045045	0.0045045045045045045	0.0045045045045045045	0.0045045045045045045	0.031531531531531536	0.031531531531531536	0.08558558558558559
2	2	0.0037878787878787876	0.2537878787878788	0.09469696969696971	0.0037878787878787876	0.0037878787878787876	0.0037878787878787876	0.0037878787878787876	0.0037878787878787876	0.0037878787878787876	0.0037878787878787876	0.18560606060606058	0.0037878787878787876	0.0037878787878787876	0.0037878787878787876	0.0037878787878787876	0.0037878787878787876	0.0037878787878787876	0.026515151515151516	0.026515151515151516	0.07196969696969696	0.0037878787878787876	0.0037878787878787876	0.09469696969696971	0.0037878787878787876	0.09469696969696971	0.026515151515151516	0.026515151515151516	0.0037878787878787876	0.026515151515151516	0.0037878787878787876
3	3	0.006944444444444444	0.006944444444444444	0.006944444444444444	0.006944444444444444	0.04861111111111111	0.006944444444444444	0.006944444444444444	0.006944444444444444	0.006944444444444444	0.006944444444444444	0.006944444444444444	0.006944444444444444	0.006944444444444444	0.13194444444444445	0.006944444444444444	0.17361111111111113	0.006944444444444444	0.006944444444444444	0.006944444444444444	0.006944444444444444	0.2569444444444445	0.006944444444444444	0.09027777777777778	0.04861111111111111	0.09027777777777778	0.006944444444444444	0.006944444444444444	0.006944444444444444	0.006944444444444444	0.006944444444444444
4	4	0.025362318840579712	0.003623188405797101	0.003623188405797101	0.003623188405797101	0.025362318840579712	0.003623188405797101	0.003623188405797101	0.11231884057971016	0.003623188405797101	0.003623188405797101	0.003623188405797101	0.003623188405797101	0.04710144927536231	0.003623188405797101	0.025362318840579712	0.4384057971014493	0.025362318840579712	0.003623188405797101	0.003623188405797101	0.003623188405797101	0.15579710144927536	0.003623188405797101	0.003623188405797101	0.003623188405797101	0.003623188405797101	0.003623188405797101	0.003623188405797101	0.003623188405797101	0.06884057971014493	0.003623188405797101
5	5	0.004166666666666667	0.004166666666666667	0.004166666666666667	0.004166666666666667	0.004166666666666667	0.004166666666666667	0.004166666666666667	0.32916666666666666	0.004166666666666667	0.004166666666666667	0.004166666666666667	0.10416666666666667	0.004166666666666667	0.004166666666666667	0.004166666666666667	0.004166666666666667	0.17916666666666667	0.004166666666666667	0.004166666666666667	0.004166666666666667	0.004166666666666667	0.004166666666666667	0.029166666666666667	0.22916666666666666	0.004166666666666667	0.004166666666666667	0.029166666666666667	0.004166666666666667	0.004166666666666667	0.004166666666666667
6	6	0.00505050505050505	0.00505050505050505	0.00505050505050505	0.00505050505050505	0.09595959595959595	0.00505050505050505	0.00505050505050505	0.06565656565656565	0.00505050505050505	0.00505050505050505	0.00505050505050505	0.3686868686868687	0.00505050505050505	0.00505050505050505	0.03535353535353536	0.00505050505050505	0.00505050505050505	0.00505050505050505	0.00505050505050505	0.00505050505050505	0.15656565656565657	0.00505050505050505	0.00505050505050505	0.12626262626262627	0.00505050505050505	0.00505050505050505	0.00505050505050505	0.00505050505050505	0.03535353535353536	0.00505050505050505
7	7	0.007246376811594202	0.007246376811594202	0.007246376811594202	0.007246376811594202	0.007246376811594202	0.18115942028985507	0.09420289855072463	0.13768115942028986	0.007246376811594202	0.007246376811594202	0.007246376811594202	0.007246376811594202	0.09420289855072463	0.007246376811594202	0.007246376811594202	0.007246376811594202	0.007246376811594202	0.007246376811594202	0.007246376811594202	0.050724637681159424	0.007246376811594202	0.007246376811594202	0.007246376811594202	0.007246376811594202	0.050724637681159424	0.007246376811594202	0.007246376811594202	0.007246376811594202	0.007246376811594202	0.22463768115942032
8	8	0.0043859649122807015	0.0043859649122807015	0.0043859649122807015	0.0043859649122807015	0.0043859649122807015	0.0043859649122807015	0.0043859649122807015	0.030701754385964914	0.13596491228070176	0.10964912280701755	0.0043859649122807015	0.030701754385964914	0.2675438596491228	0.0043859649122807015	0.0043859649122807015	0.13596491228070176	0.0043859649122807015	0.0043859649122807015	0.0043859649122807015	0.0043859649122807015	0.0043859649122807015	0.0043859649122807015	0.05701754385964912	0.0043859649122807015	0.08333333333333333	0.0043859649122807015	0.05701754385964912	0.0043859649122807015	0.0043859649122807015	0.0043859649122807015
9	9	0.0045045045045045045	0.1936936936936937	0.0045045045045045045	0.0045045045045045045	0.05855855855855856	0.0045045045045045045	0.05855855855855856	0.16666666666666669	0.08558558558558559	0.031531531531531536	0.0045045045045045045	0.0045045045045045045	0.0045045045045045045	0.0045045045045045045	0.0045045045045045045	0.0045045045045045045	0.0045045045045045045	0.0045045045045045045	0.0045045045045045045	0.0045045045045045045	0.031531531531531536	0.031531531531531536	0.0045045045045045045	0.031531531531531536	0.0045045045045045045	0.031531531531531536	0.1936936936936937	0.0045045045045045045	0.0045045045045045045	0.0045045045045045045
10	10	0.004629629629629629	0.004629629629629629	0.004629629629629629	0.004629629629629629	0.004629629629629629	0.2824074074074074	0.004629629629629629	0.1712962962962963	0.004629629629629629	0.004629629629629629	0.06018518518518518	0.004629629629629629	0.004629629629629629	0.004629629629629629	0.004629629629629629	0.03240740740740741	0.2824074074074074	0.004629629629629629	0.03240740740740741	0.03240740740740741	0.004629629629629629	0.004629629629629629	0.004629629629629629	0.004629629629629629	0.004629629629629629	0.004629629629629629	0.004629629629629629	0.004629629629629629	0.004629629629629629	0.004629629629629629
11	11	0.00980392156862745	0.00980392156862745	0.00980392156862745	0.00980392156862745	0.00980392156862745	0.00980392156862745	0.00980392156862745	0.00980392156862745	0.00980392156862745	0.00980392156862745	0.00980392156862745	0.00980392156862745	0.00980392156862745	0.00980392156862745	0.00980392156862745	0.00980392156862745	0.00980392156862745	0.6568627450980392	0.00980392156862745	0.06862745098039216	0.00980392156862745	0.00980392156862745	0.00980392156862745	0.00980392156862745	0.00980392156862745	0.00980392156862745	0.00980392156862745	0.00980392156862745	0.00980392156862745	0.00980392156862745
12	12	0.0037878787878787876	0.20833333333333331	0.04924242424242424	0.04924242424242424	0.0037878787878787876	0.0037878787878787876	0.0037878787878787876	0.32196969696969696	0.0037878787878787876	0.0037878787878787876	0.07196969696969696	0.0037878787878787876	0.0037878787878787876	0.026515151515151516	0.0037878787878787876	0.0037878787878787876	0.0037878787878787876	0.0037878787878787876	0.07196969696969696	0.0037878787878787876	0.0037878787878787876	0.0037878787878787876	0.04924242424242424	0.0037878787878787876	0.07196969696969696	0.0037878787878787876	0.0037878787878787876	0.0037878787878787876	0.0037878787878787876	0.0037878787878787876
13	13	0.15656565656565657	0.00505050505050505	0.00505050505050505	0.00505050505050505	0.12626262626262627	0.00505050505050505	0.00505050505050505	0.00505050505050505	0.03535353535353536	0.00505050505050505	0.00505050505050505	0.06565656565656565	0.00505050505050505	0.00505050505050505	0.00505050505050505	0.00505050505050505	0.00505050505050505	0.00505050505050505	0.00505050505050505	0.00505050505050505	0.09595959595959595	0.00505050505050505	0.00505050505050505	0.00505050505050505	0.00505050505050505	0.12626262626262627	0.00505050505050505	0.03535353535353536	0.06565656565656565	0.18686868686868688
14	14	0.22023809523809526	0.005952380952380952	0.07738095238095237	0.005952380952380952	0.07738095238095237	0.005952380952380952	0.005952380952380952	0.07738095238095237	0.005952380952380952	0.005952380952380952	0.005952380952380952	0.005952380952380952	0.005952380952380952	0.005952380952380952	0.005952380952380952	0.005952380952380952	0.22023809523809526	0.005952380952380952	0.005952380952380952	0.005952380952380952	0.1130952380952381	0.005952380952380952	0.005952380952380952	0.005952380952380952	0.005952380952380952	0.005952380952380952	0.005952380952380952	0.005952380952380952	0.07738095238095237	0.005952380952380952
15	15	0.37916666666666665	0.004166666666666667	0.004166666666666667	0.004166666666666667	0.05416666666666666	0.17916666666666667	0.029166666666666667	0.004166666666666667	0.004166666666666667	0.004166666666666667	0.004166666666666667	0.004166666666666667	0.05416666666666666	0.004166666666666667	0.004166666666666667	0.004166666666666667	0.004166666666666667	0.004166666666666667	0.004166666666666667	0.004166666666666667	0.004166666666666667	0.004166666666666667	0.029166666666666667	0.004166666666666667	0.004166666666666667	0.029166666666666667	0.004166666666666667	0.004166666666666667	0.004166666666666667	0.15416666666666667
16	16	0.2864583333333333	0.005208333333333333	0.16145833333333334	0.005208333333333333	0.036458333333333336	0.005208333333333333	0.005208333333333333	0.005208333333333333	0.005208333333333333	0.005208333333333333	0.005208333333333333	0.005208333333333333	0.005208333333333333	0.005208333333333333	0.005208333333333333	0.036458333333333336	0.005208333333333333	0.005208333333333333	0.036458333333333336	0.16145833333333334	0.036458333333333336	0.005208333333333333	0.005208333333333333	0.005208333333333333	0.005208333333333333	0.036458333333333336	0.06770833333333333	0.005208333333333333	0.036458333333333336	0.005208333333333333
17	17	0.42592592592592593	0.0037037037037037034	0.0037037037037037034	0.07037037037037036	0.0037037037037037034	0.0037037037037037034	0.0037037037037037034	0.0037037037037037034	0.0037037037037037034	0.0037037037037037034	0.0037037037037037034	0.0037037037037037034	0.0037037037037037034	0.0037037037037037034	0.0037037037037037034	0.0037037037037037034	0.0037037037037037034	0.0037037037037037034	0.0037037037037037034	0.2037037037037037	0.0037037037037037034	0.0037037037037037034	0.0037037037037037034	0.04814814814814815	0.0037037037037037034	0.02592592592592593	0.07037037037037036	0.0037037037037037034	0.07037037037037036	0.0037037037037037034
18	18	0.013888888888888888	0.013888888888888888	0.013888888888888888	0.013888888888888888	0.013888888888888888	0.013888888888888888	0.013888888888888888	0.013888888888888888	0.013888888888888888	0.2638888888888889	0.013888888888888888	0.013888888888888888	0.013888888888888888	0.013888888888888888	0.013888888888888888	0.013888888888888888	0.013888888888888888	0.2638888888888889	0.013888888888888888	0.013888888888888888	0.013888888888888888	0.013888888888888888	0.013888888888888888	0.013888888888888888	0.013888888888888888	0.09722222222222222	0.013888888888888888	0.013888888888888888	0.013888888888888888	0.013888888888888888
19	19	0.23118279569892475	0.005376344086021505	0.005376344086021505	0.03763440860215054	0.005376344086021505	0.005376344086021505	0.005376344086021505	0.005376344086021505	0.03763440860215054	0.005376344086021505	0.005376344086021505	0.06989247311827956	0.3279569892473118	0.005376344086021505	0.005376344086021505	0.005376344086021505	0.005376344086021505	0.005376344086021505	0.005376344086021505	0.005376344086021505	0.13440860215053765	0.005376344086021505	0.03763440860215054	0.005376344086021505	0.005376344086021505	0.005376344086021505	0.005376344086021505	0.005376344086021505	0.005376344086021505	0.005376344086021505
20	20	0.09420289855072463	0.007246376811594202	0.007246376811594202	0.007246376811594202	0.007246376811594202	0.007246376811594202	0.007246376811594202	0.007246376811594202	0.007246376811594202	0.007246376811594202	0.007246376811594202	0.09420289855072463	0.050724637681159424	0.18115942028985507	0.007246376811594202	0.007246376811594202	0.007246376811594202	0.007246376811594202	0.007246376811594202	0.09420289855072463	0.13768115942028986	0.007246376811594202	0.007246376811594202	0.007246376811594202	0.007246376811594202	0.007246376811594202	0.007246376811594202	0.007246376811594202	0.18115942028985507	0.007246376811594202
21	21	0.006666666666666666	0.006666666666666666	0.20666666666666667	0.006666666666666666	0.006666666666666666	0.006666666666666666	0.006666666666666666	0.006666666666666666	0.006666666666666666	0.04666666666666667	0.006666666666666666	0.36666666666666664	0.006666666666666666	0.006666666666666666	0.006666666666666666	0.006666666666666666	0.006666666666666666	0.006666666666666666	0.04666666666666667	0.04666666666666667	0.006666666666666666	0.006666666666666666	0.04666666666666667	0.04666666666666667	0.006666666666666666	0.006666666666666666	0.04666666666666667	0.006666666666666666	0.006666666666666666	0.006666666666666666
22	22	0.12179487179487179	0.00641025641025641	0.00641025641025641	0.08333333333333333	0.2371794871794872	0.00641025641025641	0.00641025641025641	0.00641025641025641	0.00641025641025641	0.00641025641025641	0.00641025641025641	0.00641025641025641	0.00641025641025641	0.00641025641025641	0.00641025641025641	0.00641025641025641	0.08333333333333333	0.00641025641025641	0.00641025641025641	0.00641025641025641	0.04487179487179487	0.00641025641025641	0.00641025641025641	0.00641025641025641	0.12179487179487179	0.12179487179487179	0.04487179487179487	0.00641025641025641	0.00641025641025641	0.00641025641025641
23	23	0.004166666666666667	0.004166666666666667	0.004166666666666667	0.004166666666666667	0.10416666666666667	0.029166666666666667	0.004166666666666667	0.004166666666666667	0.004166666666666667	0.029166666666666667	0.004166666666666667	0.004166666666666667	0.004166666666666667	0.35416666666666663	0.004166666666666667	0.004166666666666667	0.07916666666666666	0.004166666666666667	0.004166666666666667	0.004166666666666667	0.004166666666666667	0.004166666666666667	0.004166666666666667	0.004166666666666667	0.004166666666666667	0.2791666666666667	0.004166666666666667	0.004166666666666667	0.004166666666666667	0.029166666666666667
24	24	0.003623188405797101	0.11231884057971016	0.003623188405797101	0.003623188405797101	0.025362318840579712	0.003623188405797101	0.003623188405797101	0.003623188405797101	0.003623188405797101	0.15579710144927536	0.003623188405797101	0.2427536231884058	0.003623188405797101	0.003623188405797101	0.003623188405797101	0.025362318840579712	0.06884057971014493	0.003623188405797101	0.025362318840579712	0.17753623188405795	0.003623188405797101	0.003623188405797101	0.025362318840579712	0.025362318840579712	0.003623188405797101	0.003623188405797101	0.003623188405797101	0.025362318840579712	0.003623188405797101	0.025362318840579712
25	25	0.19927536231884058	0.025362318840579712	0.003623188405797101	0.003623188405797101	0.003623188405797101	0.003623188405797101	0.003623188405797101	0.003623188405797101	0.003623188405797101	0.003623188405797101	0.06884057971014493	0.025362318840579712	0.003623188405797101	0.04710144927536231	0.19927536231884058	0.003623188405797101	0.003623188405797101	0.003623188405797101	0.13405797101449277	0.003623188405797101	0.04710144927536231	0.003623188405797101	0.003623188405797101	0.003623188405797101	0.003623188405797101	0.003623188405797101	0.003623188405797101	0.04710144927536231	0.13405797101449277	0.003623188405797101
26	26	0.004901960784313725	0.004901960784313725	0.09313725490196079	0.004901960784313725	0.004901960784313725	0.004901960784313725	0.004901960784313725	0.03431372549019608	0.004901960784313725	0.004901960784313725	0.004901960784313725	0.004901960784313725	0.004901960784313725	0.12254901960784315	0.004901960784313725	0.2107843137254902	0.12254901960784315	0.004901960784313725	0.004901960784313725	0.004901960784313725	0.06372549019607843	0.004901960784313725	0.004901960784313725	0.004901960784313725	0.004901960784313725	0.004901960784313725	0.004901960784313725	0.09313725490196079	0.004901960784313725	0.1519607843137255
27	27	0.17628205128205127	0.003205128205128205	0.003205128205128205	0.003205128205128205	0.13782051282051283	0.003205128205128205	0.003205128205128205	0.003205128205128205	0.060897435897435896	0.003205128205128205	0.09935897435897437	0.003205128205128205	0.003205128205128205	0.003205128205128205	0.003205128205128205	0.003205128205128205	0.041666666666666664	0.003205128205128205	0.060897435897435896	0.022435897435897436	0.060897435897435896	0.041666666666666664	0.09935897435897437	0.003205128205128205	0.003205128205128205	0.003205128205128205	0.060897435897435896	0.041666666666666664	0.003205128205128205	0.041666666666666664
28	28	0.01111111111111111	0.01111111111111111	0.01111111111111111	0.01111111111111111	0.01111111111111111	0.01111111111111111	0.01111111111111111	0.01111111111111111	0.07777777777777778	0.01111111111111111	0.01111111111111111	0.01111111111111111	0.01111111111111111	0.01111111111111111	0.01111111111111111	0.2111111111111111	0.01111111111111111	0.41111111111111115	0.01111111111111111	0.01111111111111111	0.01111111111111111	0.01111111111111111	0.01111111111111111	0.01111111111111111	0.01111111111111111	0.01111111111111111	0.01111111111111111	0.01111111111111111	0.01111111111111111	0.01111111111111111
29	29	0.007936507936507936	0.007936507936507936	0.007936507936507936	0.007936507936507936	0.05555555555555556	0.007936507936507936	0.007936507936507936	0.007936507936507936	0.05555555555555556	0.05555555555555556	0.05555555555555556	0.10317460317460317	0.007936507936507936	0.007936507936507936	0.007936507936507936	0.007936507936507936	0.19841269841269843	0.007936507936507936	0.007936507936507936	0.007936507936507936	0.05555555555555556	0.007936507936507936	0.007936507936507936	0.05555555555555556	0.007936507936507936	0.007936507936507936	0.007936507936507936	0.007936507936507936	0.19841269841269843	0.007936507936507936
30	30	0.4401709401709402	0.004273504273504273	0.004273504273504273	0.0811965811965812	0.004273504273504273	0.004273504273504273	0.004273504273504273	0.004273504273504273	0.029914529914529916	0.029914529914529916	0.004273504273504273	0.05555555555555555	0.05555555555555555	0.15811965811965814	0.004273504273504273	0.004273504273504273	0.004273504273504273	0.004273504273504273	0.004273504273504273	0.004273504273504273	0.004273504273504273	0.004273504273504273	0.004273504273504273	0.004273504273504273	0.004273504273504273	0.05555555555555555	0.004273504273504273	0.004273504273504273	0.004273504273504273	0.004273504273504273
31	31	0.3819444444444444	0.006944444444444444	0.006944444444444444	0.006944444444444444	0.006944444444444444	0.04861111111111111	0.006944444444444444	0.006944444444444444	0.006944444444444444	0.006944444444444444	0.006944444444444444	0.006944444444444444	0.006944444444444444	0.13194444444444445	0.006944444444444444	0.006944444444444444	0.006944444444444444	0.006944444444444444	0.006944444444444444	0.006944444444444444	0.006944444444444444	0.04861111111111111	0.13194444444444445	0.09027777777777778	0.006944444444444444	0.006944444444444444	0.006944444444444444	0.006944444444444444	0.006944444444444444	0.006944444444444444
32	32	0.2107843137254902	0.03431372549019608	0.004901960784313725	0.004901960784313725	0.004901960784313725	0.004901960784313725	0.004901960784313725	0.004901960784313725	0.004901960784313725	0.004901960784313725	0.004901960784313725	0.004901960784313725	0.03431372549019608	0.004901960784313725	0.004901960784313725	0.004901960784313725	0.004901960784313725	0.06372549019607843	0.004901960784313725	0.3284313725490196	0.12254901960784315	0.004901960784313725	0.004901960784313725	0.004901960784313725	0.03431372549019608	0.004901960784313725	0.03431372549019608	0.03431372549019608	0.004901960784313725	0.004901960784313725
33	33	0.007246376811594202	0.007246376811594202	0.007246376811594202	0.007246376811594202	0.09420289855072463	0.007246376811594202	0.007246376811594202	0.22463768115942032	0.050724637681159424	0.007246376811594202	0.09420289855072463	0.007246376811594202	0.007246376811594202	0.007246376811594202	0.007246376811594202	0.007246376811594202	0.09420289855072463	0.007246376811594202	0.007246376811594202	0.09420289855072463	0.007246376811594202	0.007246376811594202	0.007246376811594202	0.007246376811594202	0.050724637681159424	0.050724637681159424	0.050724637681159424	0.007246376811594202	0.007246376811594202	0.050724637681159424
34	34	0.005555555555555555	0.005555555555555555	0.005555555555555555	0.005555555555555555	0.005555555555555555	0.03888888888888889	0.10555555555555556	0.17222222222222222	0.005555555555555555	0.005555555555555555	0.03888888888888889	0.07222222222222222	0.005555555555555555	0.005555555555555555	0.005555555555555555	0.1388888888888889	0.07222222222222222	0.005555555555555555	0.005555555555555555	0.005555555555555555	0.005555555555555555	0.005555555555555555	0.005555555555555555	0.005555555555555555	0.005555555555555555	0.005555555555555555	0.005555555555555555	0.10555555555555556	0.03888888888888889	0.10555555555555556
35	35	0.005555555555555555	0.005555555555555555	0.005555555555555555	0.005555555555555555	0.005555555555555555	0.005555555555555555	0.005555555555555555	0.005555555555555555	0.005555555555555555	0.005555555555555555	0.005555555555555555	0.03888888888888889	0.005555555555555555	0.005555555555555555	0.005555555555555555	0.03888888888888889	0.005555555555555555	0.10555555555555556	0.005555555555555555	0.005555555555555555	0.005555555555555555	0.03888888888888889	0.4722222222222222	0.005555555555555555	0.005555555555555555	0.005555555555555555	0.005555555555555555	0.10555555555555556	0.07222222222222222	0.005555555555555555
36	36	0.04320987654320988	0.006172839506172839	0.04320987654320988	0.006172839506172839	0.006172839506172839	0.006172839506172839	0.006172839506172839	0.006172839506172839	0.006172839506172839	0.006172839506172839	0.006172839506172839	0.04320987654320988	0.08024691358024691	0.006172839506172839	0.006172839506172839	0.006172839506172839	0.08024691358024691	0.006172839506172839	0.006172839506172839	0.154320987654321	0.006172839506172839	0.154320987654321	0.006172839506172839	0.006172839506172839	0.006172839506172839	0.04320987654320988	0.154320987654321	0.006172839506172839	0.006172839506172839	0.08024691358024691
37	37	0.023809523809523808	0.023809523809523808	0.023809523809523808	0.023809523809523808	0.023809523809523808	0.023809523809523808	0.023809523809523808	0.023809523809523808	0.023809523809523808	0.023809523809523808	0.023809523809523808	0.023809523809523808	0.023809523809523808	0.023809523809523808	0.023809523809523808	0.023809523809523808	0.023809523809523808	0.023809523809523808	0.023809523809523808	0.023809523809523808	0.023809523809523808	0.023809523809523808	0.023809523809523808	0.16666666666666669	0.023809523809523808	0.16666666666666669	0.023809523809523808	0.023809523809523808	0.023809523809523808	0.023809523809523808
38	38	0.004273504273504273	0.004273504273504273	0.004273504273504273	0.004273504273504273	0.004273504273504273	0.004273504273504273	0.004273504273504273	0.23504273504273504	0.004273504273504273	0.3376068376068376	0.15811965811965814	0.004273504273504273	0.004273504273504273	0.004273504273504273	0.0811965811965812	0.004273504273504273	0.004273504273504273	0.029914529914529916	0.004273504273504273	0.004273504273504273	0.05555555555555555	0.004273504273504273	0.004273504273504273	0.004273504273504273	0.004273504273504273	0.004273504273504273	0.004273504273504273	0.004273504273504273	0.004273504273504273	0.004273504273504273
39	39	0.08974358974358974	0.08974358974358974	0.08974358974358974	0.01282051282051282	0.01282051282051282	0.08974358974358974	0.01282051282051282	0.01282051282051282	0.01282051282051282	0.01282051282051282	0.01282051282051282	0.08974358974358974	0.01282051282051282	0.08974358974358974	0.01282051282051282	0.08974358974358974	0.01282051282051282	0.01282051282051282	0.01282051282051282	0.08974358974358974	0.01282051282051282	0.01282051282051282	0.01282051282051282	0.01282051282051282	0.01282051282051282	0.01282051282051282	0.01282051282051282	0.01282051282051282	0.01282051282051282	0.01282051282051282
40	40	0.050724637681159424	0.007246376811594202	0.050724637681159424	0.007246376811594202	0.09420289855072463	0.007246376811594202	0.007246376811594202	0.26811594202898553	0.22463768115942032	0.050724637681159424	0.007246376811594202	0.007246376811594202	0.007246376811594202	0.007246376811594202	0.007246376811594202	0.007246376811594202	0.007246376811594202	0.007246376811594202	0.007246376811594202	0.007246376811594202	0.050724637681159424	0.007246376811594202	0.007246376811594202	0.007246376811594202	0.007246376811594202	0.007246376811594202	0.007246376811594202	0.007246376811594202	0.050724637681159424	0.007246376811594202
41	41	0.15040650406504066	0.004065040650406504	0.004065040650406504	0.02845528455284553	0.07723577235772357	0.02845528455284553	0.004065040650406504	0.10162601626016261	0.4186991869918699	0.004065040650406504	0.004065040650406504	0.004065040650406504	0.004065040650406504	0.004065040650406504	0.05284552845528455	0.004065040650406504	0.004065040650406504	0.004065040650406504	0.02845528455284553	0.004065040650406504	0.004065040650406504	0.004065040650406504	0.004065040650406504	0.004065040650406504	0.02845528455284553	0.004065040650406504	0.004065040650406504	0.004065040650406504	0.004065040650406504	0.004065040650406504
42	42	0.0047619047619047615	0.26190476190476186	0.09047619047619047	0.0619047619047619	0.03333333333333333	0.0047619047619047615	0.0047619047619047615	0.0047619047619047615	0.0047619047619047615	0.0047619047619047615	0.0047619047619047615	0.0047619047619047615	0.14761904761904762	0.0047619047619047615	0.11904761904761905	0.0047619047619047615	0.0047619047619047615	0.0047619047619047615	0.0047619047619047615	0.0047619047619047615	0.14761904761904762	0.0047619047619047615	0.0047619047619047615	0.03333333333333333	0.0047619047619047615	0.0047619047619047615	0.0047619047619047615	0.0047619047619047615	0.0047619047619047615	0.0047619047619047615
43	43	0.2107843137254902	0.12254901960784315	0.004901960784313725	0.004901960784313725	0.09313725490196079	0.1519607843137255	0.004901960784313725	0.004901960784313725	0.004901960784313725	0.004901960784313725	0.004901960784313725	0.004901960784313725	0.004901960784313725	0.004901960784313725	0.03431372549019608	0.004901960784313725	0.004901960784313725	0.03431372549019608	0.004901960784313725	0.004901960784313725	0.004901960784313725	0.004901960784313725	0.004901960784313725	0.004901960784313725	0.004901960784313725	0.004901960784313725	0.004901960784313725	0.004901960784313725	0.24019607843137253	0.004901960784313725
44	44	0.11261261261261261	0.031531531531531536	0.0045045045045045045	0.08558558558558559	0.0045045045045045045	0.0045045045045045045	0.031531531531531536	0.0045045045045045045	0.031531531531531536	0.0045045045045045045	0.0045045045045045045	0.08558558558558559	0.0045045045045045045	0.0045045045045045045	0.11261261261261261	0.0045045045045045045	0.0045045045045045045	0.0045045045045045045	0.0045045045045045045	0.08558558558558559	0.0045045045045045045	0.08558558558558559	0.0045045045045045045	0.031531531531531536	0.0045045045045045045	0.0045045045045045045	0.0045045045045045045	0.0045045045045045045	0.22072072072072071	0.0045045045045045045
45	45	0.0030864197530864196	0.02160493827160494	0.13271604938271606	0.0030864197530864196	0.0030864197530864196	0.0030864197530864196	0.0030864197530864196	0.4475308641975309	0.15123456790123455	0.0030864197530864196	0.0030864197530864196	0.0030864197530864196	0.0030864197530864196	0.09567901234567902	0.0030864197530864196	0.0030864197530864196	0.05864197530864197	0.0030864197530864196	0.0030864197530864196	0.0030864197530864196	0.0030864197530864196	0.0030864197530864196	0.0030864197530864196	0.0030864197530864196	0.0030864197530864196	0.02160493827160494	0.0030864197530864196	0.0030864197530864196	0.0030864197530864196	0.0030864197530864196
46	46	0.0047619047619047615	0.0047619047619047615	0.03333333333333333	0.0047619047619047615	0.0047619047619047615	0.0047619047619047615	0.7476190476190476	0.0047619047619047615	0.0047619047619047615	0.0047619047619047615	0.0047619047619047615	0.0047619047619047615	0.0047619047619047615	0.0047619047619047615	0.0619047619047619	0.0047619047619047615	0.0047619047619047615	0.0047619047619047615	0.0047619047619047615	0.0047619047619047615	0.0047619047619047615	0.0047619047619047615	0.0047619047619047615	0.0047619047619047615	0.0047619047619047615	0.0047619047619047615	0.0047619047619047615	0.03333333333333333	0.0047619047619047615	0.0047619047619047615
47	47	0.005952380952380952	0.005952380952380952	0.07738095238095237	0.1130952380952381	0.005952380952380952	0.255952380952381	0.005952380952380952	0.005952380952380952	0.005952380952380952	0.005952380952380952	0.005952380952380952	0.005952380952380952	0.005952380952380952	0.005952380952380952	0.04166666666666667	0.005952380952380952	0.005952380952380952	0.005952380952380952	0.005952380952380952	0.005952380952380952	0.005952380952380952	0.005952380952380952	0.07738095238095237	0.005952380952380952	0.005952380952380952	0.04166666666666667	0.22023809523809526	0.04166666666666667	0.005952380952380952	0.005952380952380952
48	48	0.0045045045045045045	0.0045045045045045045	0.16666666666666669	0.0045045045045045045	0.031531531531531536	0.0045045045045045045	0.0045045045045045045	0.031531531531531536	0.11261261261261261	0.0045045045045045045	0.0045045045045045045	0.0045045045045045045	0.0045045045045045045	0.0045045045045045045	0.0045045045045045045	0.0045045045045045045	0.0045045045045045045	0.0045045045045045045	0.13963963963963966	0.0045045045045045045	0.05855855855855856	0.0045045045045045045	0.0045045045045045045	0.0045045045045045045	0.0045045045045045045	0.05855855855855856	0.3018018018018018	0.0045045045045045045	0.0045045045045045045	0.0045045045045045045
49	49	0.023809523809523808	0.023809523809523808	0.023809523809523808	0.023809523809523808	0.023809523809523808	0.023809523809523808	0.023809523809523808	0.023809523809523808	0.023809523809523808	0.023809523809523808	0.023809523809523808	0.023809523809523808	0.023809523809523808	0.16666666666666669	0.023809523809523808	0.023809523809523808	0.023809523809523808	0.16666666666666669	0.023809523809523808	0.023809523809523808	0.023809523809523808	0.023809523809523808	0.023809523809523808	0.023809523809523808	0.023809523809523808	0.023809523809523808	0.023809523809523808	0.023809523809523808	0.023809523809523808	0.023809523809523808
50	50	0.08666666666666666	0.2866666666666667	0.16666666666666669	0.006666666666666666	0.006666666666666666	0.08666666666666666	0.006666666666666666	0.006666666666666666	0.08666666666666666	0.006666666666666666	0.006666666666666666	0.006666666666666666	0.006666666666666666	0.006666666666666666	0.006666666666666666	0.006666666666666666	0.006666666666666666	0.006666666666666666	0.006666666666666666	0.08666666666666666	0.006666666666666666	0.006666666666666666	0.006666666666666666	0.006666666666666666	0.006666666666666666	0.006666666666666666	0.006666666666666666	0.006666666666666666	0.04666666666666667	0.006666666666666666
51	51	0.009259259259259259	0.009259259259259259	0.009259259259259259	0.009259259259259259	0.009259259259259259	0.009259259259259259	0.06481481481481483	0.06481481481481483	0.2314814814814815	0.009259259259259259	0.2314814814814815	0.009259259259259259	0.009259259259259259	0.009259259259259259	0.009259259259259259	0.12037037037037036	0.009259259259259259	0.009259259259259259	0.009259259259259259	0.009259259259259259	0.009259259259259259	0.009259259259259259	0.009259259259259259	0.009259259259259259	0.06481481481481483	0.009259259259259259	0.009259259259259259	0.009259259259259259	0.009259259259259259	0.009259259259259259
52	52	0.35833333333333334	0.008333333333333333	0.10833333333333332	0.008333333333333333	0.008333333333333333	0.008333333333333333	0.008333333333333333	0.008333333333333333	0.008333333333333333	0.008333333333333333	0.008333333333333333	0.008333333333333333	0.008333333333333333	0.008333333333333333	0.008333333333333333	0.058333333333333334	0.008333333333333333	0.008333333333333333	0.008333333333333333	0.008333333333333333	0.15833333333333333	0.058333333333333334	0.008333333333333333	0.008333333333333333	0.008333333333333333	0.008333333333333333	0.058333333333333334	0.008333333333333333	0.008333333333333333	0.008333333333333333
53	53	0.09595959595959595	0.00505050505050505	0.00505050505050505	0.00505050505050505	0.00505050505050505	0.00505050505050505	0.03535353535353536	0.00505050505050505	0.00505050505050505	0.12626262626262627	0.00505050505050505	0.00505050505050505	0.12626262626262627	0.00505050505050505	0.03535353535353536	0.15656565656565657	0.21717171717171718	0.03535353535353536	0.00505050505050505	0.00505050505050505	0.00505050505050505	0.00505050505050505	0.03535353535353536	0.00505050505050505	0.00505050505050505	0.03535353535353536	0.00505050505050505	0.00505050505050505	0.00505050505050505	0.00505050505050505
54	54	0.004273504273504273	0.004273504273504273	0.004273504273504273	0.004273504273504273	0.004273504273504273	0.004273504273504273	0.004273504273504273	0.004273504273504273	0.004273504273504273	0.004273504273504273	0.004273504273504273	0.004273504273504273	0.004273504273504273	0.004273504273504273	0.004273504273504273	0.05555555555555555	0.0811965811965812	0.004273504273504273	0.004273504273504273	0.05555555555555555	0.004273504273504273	0.004273504273504273	0.004273504273504273	0.004273504273504273	0.004273504273504273	0.5683760683760684	0.004273504273504273	0.004273504273504273	0.004273504273504273	0.13247863247863248
55	55	0.32575757575757575	0.007575757575757575	0.007575757575757575	0.007575757575757575	0.007575757575757575	0.007575757575757575	0.007575757575757575	0.007575757575757575	0.007575757575757575	0.007575757575757575	0.007575757575757575	0.05303030303030303	0.007575757575757575	0.05303030303030303	0.007575757575757575	0.007575757575757575	0.007575757575757575	0.007575757575757575	0.007575757575757575	0.05303030303030303	0.007575757575757575	0.007575757575757575	0.007575757575757575	0.007575757575757575	0.007575757575757575	0.05303030303030303	0.007575757575757575	0.007575757575757575	0.23484848484848486	0.05303030303030303
56	56	0.003205128205128205	0.1185897435897436	0.09935897435897437	0.022435897435897436	0.003205128205128205	0.003205128205128205	0.003205128205128205	0.003205128205128205	0.003205128205128205	0.003205128205128205	0.041666666666666664	0.003205128205128205	0.003205128205128205	0.003205128205128205	0.003205128205128205	0.1955128205128205	0.003205128205128205	0.003205128205128205	0.041666666666666664	0.1955128205128205	0.003205128205128205	0.003205128205128205	0.003205128205128205	0.022435897435897436	0.003205128205128205	0.003205128205128205	0.13782051282051283	0.003205128205128205	0.041666666666666664	0.022435897435897436
57	57	0.27037037037037037	0.0037037037037037034	0.0037037037037037034	0.0037037037037037034	0.18148148148148147	0.0037037037037037034	0.0037037037037037034	0.04814814814814815	0.07037037037037036	0.0037037037037037034	0.0037037037037037034	0.0037037037037037034	0.15925925925925927	0.02592592592592593	0.02592592592592593	0.0037037037037037034	0.0037037037037037034	0.0037037037037037034	0.0037037037037037034	0.0037037037037037034	0.04814814814814815	0.0037037037037037034	0.0037037037037037034	0.0037037037037037034	0.0037037037037037034	0.0037037037037037034	0.0037037037037037034	0.0037037037037037034	0.0925925925925926	0.0037037037037037034
58	58	0.1636904761904762	0.002976190476190476	0.0744047619047619	0.002976190476190476	0.002976190476190476	0.020833333333333336	0.002976190476190476	0.002976190476190476	0.002976190476190476	0.05654761904761905	0.25297619047619047	0.002976190476190476	0.002976190476190476	0.038690476190476185	0.020833333333333336	0.002976190476190476	0.002976190476190476	0.002976190476190476	0.1279761904761905	0.05654761904761905	0.002976190476190476	0.002976190476190476	0.002976190476190476	0.002976190476190476	0.05654761904761905	0.002976190476190476	0.002976190476190476	0.020833333333333336	0.05654761904761905	0.002976190476190476
59	59	0.0045045045045045045	0.0045045045045045045	0.0045045045045045045	0.08558558558558559	0.08558558558558559	0.24774774774774774	0.0045045045045045045	0.0045045045045045045	0.0045045045045045045	0.0045045045045045045	0.0045045045045045045	0.0045045045045045045	0.0045045045045045045	0.0045045045045045045	0.0045045045045045045	0.3018018018018018	0.05855855855855856	0.0045045045045045045	0.0045045045045045045	0.0045045045045045045	0.0045045045045045045	0.0045045045045045045	0.0045045045045045045	0.0045045045045045045	0.0045045045045045045	0.11261261261261261	0.0045045045045045045	0.0045045045045045045	0.0045045045045045045	0.0045045045045045045
60	60	0.0035460992907801418	0.0035460992907801418	0.0035460992907801418	0.0035460992907801418	0.0035460992907801418	0.0035460992907801418	0.0035460992907801418	0.024822695035460994	0.0035460992907801418	0.024822695035460994	0.0035460992907801418	0.0035460992907801418	0.08865248226950355	0.0035460992907801418	0.13120567375886524	0.024822695035460994	0.21631205673758863	0.0035460992907801418	0.1099290780141844	0.0035460992907801418	0.13120567375886524	0.0035460992907801418	0.0035460992907801418	0.0673758865248227	0.0673758865248227	0.0035460992907801418	0.0035460992907801418	0.04609929078014184	0.0035460992907801418	0.0035460992907801418
61	61	0.0045045045045045045	0.08558558558558559	0.16666666666666669	0.0045045045045045045	0.0045045045045045045	0.0045045045045045045	0.0045045045045045045	0.0045045045045045045	0.0045045045045045045	0.0045045045045045045	0.0045045045045045045	0.0045045045045045045	0.0045045045045045045	0.0045045045045045045	0.031531531531531536	0.0045045045045045045	0.16666666666666669	0.0045045045045045045	0.0045045045045045045	0.0045045045045045045	0.05855855855855856	0.0045045045045045045	0.0045045045045045045	0.0045045045045045045	0.0045045045045045045	0.0045045045045045045	0.16666666666666669	0.22072072072072071	0.0045045045045045045	0.0045045045045045045
62	62	0.005952380952380952	0.005952380952380952	0.04166666666666667	0.005952380952380952	0.1130952380952381	0.005952380952380952	0.005952380952380952	0.005952380952380952	0.005952380952380952	0.005952380952380952	0.07738095238095237	0.1130952380952381	0.07738095238095237	0.255952380952381	0.005952380952380952	0.005952380952380952	0.005952380952380952	0.04166666666666667	0.005952380952380952	0.04166666666666667	0.04166666666666667	0.005952380952380952	0.005952380952380952	0.04166666666666667	0.005952380952380952	0.005952380952380952	0.005952380952380952	0.005952380952380952	0.04166666666666667	0.005952380952380952
