0	0	0.00980392156862745	0.049019607843137254	0.18627450980392157	0.029411764705882353	0.00980392156862745	0.08823529411764706	0.00980392156862745	0.049019607843137254	0.16666666666666666	0.4019607843137255
1	1	0.28378378378378377	0.14864864864864866	0.013513513513513514	0.04054054054054054	0.14864864864864866	0.12162162162162163	0.06756756756756757	0.013513513513513514	0.14864864864864866	0.013513513513513514
2	2	0.125	0.19318181818181818	0.07954545454545454	0.011363636363636364	0.011363636363636364	0.14772727272727273	0.056818181818181816	0.056818181818181816	0.011363636363636364	0.3068181818181818
3	3	0.22916666666666666	0.0625	0.020833333333333332	0.020833333333333332	0.020833333333333332	0.22916666666666666	0.2708333333333333	0.020833333333333332	0.10416666666666667	0.020833333333333332
4	4	0.5108695652173914	0.010869565217391304	0.010869565217391304	0.010869565217391304	0.010869565217391304	0.07608695652173914	0.05434782608695652	0.22826086956521738	0.05434782608695652	0.03260869565217391
5	5	0.0375	0.1125	0.0125	0.2375	0.0125	0.2375	0.0125	0.0125	0.2375	0.0875
6	6	0.015151515151515152	0.13636363636363635	0.015151515151515152	0.4393939393939394	0.22727272727272727	0.10606060606060606	0.015151515151515152	0.015151515151515152	0.015151515151515152	0.015151515151515152
7	7	0.021739130434782608	0.06521739130434782	0.15217391304347827	0.021739130434782608	0.45652173913043476	0.021739130434782608	0.06521739130434782	0.10869565217391304	0.06521739130434782	0.021739130434782608
8	8	0.2236842105263158	0.013157894736842105	0.09210526315789473	0.013157894736842105	0.013157894736842105	0.039473684210526314	0.32894736842105265	0.06578947368421052	0.17105263157894737	0.039473684210526314
9	9	0.013513513513513514	0.013513513513513514	0.013513513513513514	0.22972972972972974	0.013513513513513514	0.06756756756756757	0.04054054054054054	0.013513513513513514	0.44594594594594594	0.14864864864864866
10	10	0.2916666666666667	0.09722222222222222	0.2916666666666667	0.041666666666666664	0.013888888888888888	0.06944444444444445	0.013888888888888888	0.041666666666666664	0.125	0.013888888888888888
11	11	0.029411764705882353	0.029411764705882353	0.029411764705882353	0.029411764705882353	0.08823529411764706	0.029411764705882353	0.08823529411764706	0.6176470588235294	0.029411764705882353	0.029411764705882353
12	12	0.03409090909090909	0.011363636363636364	0.056818181818181816	0.011363636363636364	0.011363636363636364	0.03409090909090909	0.03409090909090909	0.07954545454545454	0.4431818181818182	0.2840909090909091
13	13	0.015151515151515152	0.015151515151515152	0.045454545454545456	0.015151515151515152	0.3484848484848485	0.045454545454545456	0.13636363636363635	0.045454545454545456	0.22727272727272727	0.10606060606060606
14	14	0.3392857142857143	0.017857142857142856	0.125	0.017857142857142856	0.017857142857142856	0.16071428571428573	0.017857142857142856	0.017857142857142856	0.08928571428571429	0.19642857142857142
15	15	0.0125	0.1125	0.0625	0.0125	0.1625	0.0125	0.4875	0.0125	0.1125	0.0125
16	16	0.140625	0.078125	0.015625	0.046875	0.078125	0.015625	0.421875	0.046875	0.015625	0.140625
17	17	0.07777777777777778	0.18888888888888888	0.011111111111111112	0.03333333333333333	0.011111111111111112	0.1	0.4777777777777778	0.011111111111111112	0.011111111111111112	0.07777777777777778
18	18	0.041666666666666664	0.375	0.041666666666666664	0.041666666666666664	0.041666666666666664	0.041666666666666664	0.041666666666666664	0.20833333333333334	0.041666666666666664	0.125
19	19	0.04838709677419355	0.016129032258064516	0.11290322580645161	0.016129032258064516	0.04838709677419355	0.11290322580645161	0.5645161290322581	0.016129032258064516	0.04838709677419355	0.016129032258064516
20	20	0.10869565217391304	0.021739130434782608	0.021739130434782608	0.021739130434782608	0.10869565217391304	0.32608695652173914	0.2826086956521739	0.021739130434782608	0.06521739130434782	0.021739130434782608
21	21	0.02	0.14	0.02	0.3	0.02	0.1	0.06	0.02	0.02	0.3
22	22	0.17307692307692307	0.019230769230769232	0.057692307692307696	0.09615384615384616	0.057692307692307696	0.057692307692307696	0.28846153846153844	0.019230769230769232	0.17307692307692307	0.057692307692307696
23	23	0.0375	0.0375	0.0125	0.0125	0.0125	0.1125	0.0375	0.0375	0.6875	0.0125
24	24	0.29347826086956524	0.05434782608695652	0.20652173913043478	0.03260869565217391	0.03260869565217391	0.010869565217391304	0.03260869565217391	0.05434782608695652	0.010869565217391304	0.2717391304347826
25	25	0.010869565217391304	0.09782608695652174	0.010869565217391304	0.010869565217391304	0.14130434782608695	0.09782608695652174	0.33695652173913043	0.25	0.010869565217391304	0.03260869565217391
26	26	0.36764705882352944	0.014705882352941176	0.1323529411764706	0.014705882352941176	0.16176470588235295	0.07352941176470588	0.07352941176470588	0.07352941176470588	0.014705882352941176	0.07352941176470588
27	27	0.009615384615384616	0.028846153846153848	0.125	0.009615384615384616	0.18269230769230768	0.2980769230769231	0.27884615384615385	0.028846153846153848	0.028846153846153848	0.009615384615384616
28	28	0.03333333333333333	0.03333333333333333	0.03333333333333333	0.03333333333333333	0.03333333333333333	0.03333333333333333	0.03333333333333333	0.6333333333333333	0.1	0.03333333333333333
29	29	0.11904761904761904	0.07142857142857142	0.11904761904761904	0.023809523809523808	0.023809523809523808	0.30952380952380953	0.023809523809523808	0.023809523809523808	0.2619047619047619	0.023809523809523808
30	30	0.038461538461538464	0.14102564102564102	0.0641025641025641	0.01282051282051282	0.038461538461538464	0.01282051282051282	0.47435897435897434	0.01282051282051282	0.11538461538461539	0.08974358974358974
31	31	0.14583333333333334	0.020833333333333332	0.020833333333333332	0.020833333333333332	0.020833333333333332	0.10416666666666667	0.10416666666666667	0.020833333333333332	0.10416666666666667	0.4375
32	32	0.22058823529411764	0.014705882352941176	0.014705882352941176	0.16176470588235295	0.22058823529411764	0.014705882352941176	0.27941176470588236	0.04411764705882353	0.014705882352941176	0.014705882352941176
33	33	0.06521739130434782	0.10869565217391304	0.021739130434782608	0.021739130434782608	0.1956521739130435	0.10869565217391304	0.15217391304347827	0.15217391304347827	0.15217391304347827	0.021739130434782608
34	34	0.35	0.05	0.016666666666666666	0.016666666666666666	0.11666666666666667	0.21666666666666667	0.016666666666666666	0.18333333333333332	0.016666666666666666	0.016666666666666666
35	35	0.08333333333333333	0.016666666666666666	0.08333333333333333	0.016666666666666666	0.08333333333333333	0.35	0.05	0.08333333333333333	0.016666666666666666	0.21666666666666667
36	36	0.018518518518518517	0.018518518518518517	0.05555555555555555	0.09259259259259259	0.3888888888888889	0.3148148148148148	0.05555555555555555	0.018518518518518517	0.018518518518518517	0.018518518518518517
37	37	0.07142857142857142	0.21428571428571427	0.07142857142857142	0.07142857142857142	0.07142857142857142	0.07142857142857142	0.07142857142857142	0.21428571428571427	0.07142857142857142	0.07142857142857142
38	38	0.038461538461538464	0.6025641025641025	0.01282051282051282	0.01282051282051282	0.14102564102564102	0.01282051282051282	0.01282051282051282	0.01282051282051282	0.11538461538461539	0.038461538461538464
39	39	0.2692307692307692	0.038461538461538464	0.038461538461538464	0.11538461538461539	0.19230769230769232	0.038461538461538464	0.038461538461538464	0.11538461538461539	0.11538461538461539	0.038461538461538464
40	40	0.021739130434782608	0.10869565217391304	0.021739130434782608	0.021739130434782608	0.10869565217391304	0.021739130434782608	0.06521739130434782	0.021739130434782608	0.5869565217391305	0.021739130434782608
41	41	0.012195121951219513	0.012195121951219513	0.012195121951219513	0.036585365853658534	0.10975609756097561	0.08536585365853659	0.23170731707317074	0.012195121951219513	0.47560975609756095	0.012195121951219513
42	42	0.014285714285714285	0.014285714285714285	0.12857142857142856	0.014285714285714285	0.15714285714285714	0.014285714285714285	0.12857142857142856	0.014285714285714285	0.014285714285714285	0.5
43	43	0.014705882352941176	0.014705882352941176	0.25	0.014705882352941176	0.07352941176470588	0.04411764705882353	0.22058823529411764	0.04411764705882353	0.014705882352941176	0.3088235294117647
44	44	0.06756756756756757	0.013513513513513514	0.013513513513513514	0.06756756756756757	0.14864864864864866	0.5	0.0945945945945946	0.04054054054054054	0.013513513513513514	0.04054054054054054
45	45	0.19444444444444445	0.009259259259259259	0.027777777777777776	0.009259259259259259	0.009259259259259259	0.009259259259259259	0.009259259259259259	0.009259259259259259	0.7129629629629629	0.009259259259259259
46	46	0.014285714285714285	0.014285714285714285	0.014285714285714285	0.04285714285714286	0.04285714285714286	0.07142857142857142	0.014285714285714285	0.7	0.014285714285714285	0.07142857142857142
47	47	0.017857142857142856	0.017857142857142856	0.26785714285714285	0.017857142857142856	0.017857142857142856	0.5535714285714286	0.017857142857142856	0.017857142857142856	0.05357142857142857	0.017857142857142856
48	48	0.013513513513513514	0.12162162162162163	0.013513513513513514	0.06756756756756757	0.12162162162162163	0.20270270270270271	0.0945945945945946	0.12162162162162163	0.17567567567567569	0.06756756756756757
49	49	0.21428571428571427	0.07142857142857142	0.07142857142857142	0.07142857142857142	0.07142857142857142	0.07142857142857142	0.07142857142857142	0.07142857142857142	0.21428571428571427	0.07142857142857142
50	50	0.06	0.06	0.14	0.02	0.02	0.02	0.26	0.02	0.02	0.38
51	51	0.19444444444444445	0.19444444444444445	0.027777777777777776	0.027777777777777776	0.027777777777777776	0.08333333333333333	0.08333333333333333	0.08333333333333333	0.25	0.027777777777777776
52	52	0.025	0.025	0.125	0.075	0.025	0.225	0.375	0.075	0.025	0.025
53	53	0.015151515151515152	0.015151515151515152	0.13636363636363635	0.015151515151515152	0.015151515151515152	0.2878787878787879	0.2878787878787879	0.07575757575757576	0.10606060606060606	0.045454545454545456
54	54	0.14102564102564102	0.01282051282051282	0.01282051282051282	0.038461538461538464	0.08974358974358974	0.0641025641025641	0.01282051282051282	0.01282051282051282	0.6025641025641025	0.01282051282051282
55	55	0.1590909090909091	0.022727272727272728	0.022727272727272728	0.022727272727272728	0.11363636363636363	0.1590909090909091	0.29545454545454547	0.11363636363636363	0.06818181818181818	0.022727272727272728
56	56	0.22115384615384615	0.14423076923076922	0.04807692307692308	0.009615384615384616	0.028846153846153848	0.04807692307692308	0.028846153846153848	0.125	0.009615384615384616	0.33653846153846156
57	57	0.05555555555555555	0.011111111111111112	0.011111111111111112	0.011111111111111112	0.011111111111111112	0.16666666666666666	0.5888888888888889	0.011111111111111112	0.07777777777777778	0.05555555555555555
58	58	0.008928571428571428	0.20535714285714285	0.026785714285714284	0.11607142857142858	0.008928571428571428	0.13392857142857142	0.45535714285714285	0.026785714285714284	0.008928571428571428	0.008928571428571428
59	59	0.44594594594594594	0.013513513513513514	0.0945945945945946	0.013513513513513514	0.12162162162162163	0.04054054054054054	0.06756756756756757	0.06756756756756757	0.013513513513513514	0.12162162162162163
60	60	0.11702127659574468	0.010638297872340425	0.07446808510638298	0.07446808510638298	0.031914893617021274	0.13829787234042554	0.24468085106382978	0.18085106382978725	0.05319148936170213	0.07446808510638298
61	61	0.12162162162162163	0.06756756756756757	0.013513513513513514	0.20270270270270271	0.013513513513513514	0.25675675675675674	0.013513513513513514	0.17567567567567569	0.04054054054054054	0.0945945945945946
62	62	0.125	0.08928571428571429	0.017857142857142856	0.017857142857142856	0.08928571428571429	0.16071428571428573	0.30357142857142855	0.05357142857142857	0.125	0.017857142857142856
63	63	0.014285714285714285	0.1	0.014285714285714285	0.014285714285714285	0.07142857142857142	0.18571428571428572	0.04285714285714286	0.014285714285714285	0.5285714285714286	0.014285714285714285
64	64	0.10606060606060606	0.07575757575757576	0.015151515151515152	0.25757575757575757	0.07575757575757576	0.13636363636363635	0.07575757575757576	0.015151515151515152	0.07575757575757576	0.16666666666666666
65	65	0.45588235294117646	0.04411764705882353	0.014705882352941176	0.014705882352941176	0.04411764705882353	0.014705882352941176	0.10294117647058823	0.014705882352941176	0.27941176470588236	0.014705882352941176
66	66	0.019230769230769232	0.019230769230769232	0.019230769230769232	0.09615384615384616	0.019230769230769232	0.057692307692307696	0.6730769230769231	0.019230769230769232	0.057692307692307696	0.019230769230769232
67	67	0.23275862068965517	0.02586206896551724	0.008620689655172414	0.04310344827586207	0.0603448275862069	0.25	0.3017241379310345	0.008620689655172414	0.0603448275862069	0.008620689655172414
68	68	0.022727272727272728	0.20454545454545456	0.1590909090909091	0.022727272727272728	0.11363636363636363	0.1590909090909091	0.1590909090909091	0.022727272727272728	0.11363636363636363	0.022727272727272728
69	69	0.19	0.05	0.01	0.27	0.01	0.09	0.15	0.03	0.01	0.19
70	70	0.313953488372093	0.08139534883720931	0.011627906976744186	0.05813953488372093	0.011627906976744186	0.2441860465116279	0.1511627906976744	0.011627906976744186	0.011627906976744186	0.10465116279069768
71	71	0.019230769230769232	0.1346153846153846	0.057692307692307696	0.019230769230769232	0.36538461538461536	0.057692307692307696	0.09615384615384616	0.019230769230769232	0.09615384615384616	0.1346153846153846
72	72	0.17857142857142858	0.03571428571428571	0.03571428571428571	0.10714285714285714	0.03571428571428571	0.17857142857142858	0.03571428571428571	0.32142857142857145	0.03571428571428571	0.03571428571428571
73	73	0.1581196581196581	0.12393162393162394	0.05555555555555555	0.10683760683760683	0.038461538461538464	0.0641025641025641	0.10683760683760683	0.04700854700854701	0.01282051282051282	0.2863247863247863
74	74	0.03289473684210526	0.006578947368421052	0.006578947368421052	0.07236842105263158	0.5855263157894737	0.03289473684210526	0.07236842105263158	0.006578947368421052	0.13815789473684212	0.046052631578947366
75	75	0.013157894736842105	0.06578947368421052	0.039473684210526314	0.11842105263157894	0.013157894736842105	0.19736842105263158	0.06578947368421052	0.06578947368421052	0.013157894736842105	0.40789473684210525
76	76	0.0641025641025641	0.19230769230769232	0.01282051282051282	0.01282051282051282	0.47435897435897434	0.19230769230769232	0.01282051282051282	0.01282051282051282	0.01282051282051282	0.01282051282051282
77	77	0.08333333333333333	0.016666666666666666	0.08333333333333333	0.18333333333333332	0.05	0.2833333333333333	0.05	0.08333333333333333	0.15	0.016666666666666666
78	78	0.1388888888888889	0.027777777777777776	0.19444444444444445	0.08333333333333333	0.08333333333333333	0.3611111111111111	0.027777777777777776	0.027777777777777776	0.027777777777777776	0.027777777777777776
79	79	0.4473684210526316	0.008771929824561403	0.07894736842105263	0.09649122807017543	0.043859649122807015	0.043859649122807015	0.09649122807017543	0.09649122807017543	0.008771929824561403	0.07894736842105263
80	80	0.017857142857142856	0.125	0.08928571428571429	0.017857142857142856	0.3392857142857143	0.08928571428571429	0.08928571428571429	0.08928571428571429	0.05357142857142857	0.08928571428571429
81	81	0.07142857142857142	0.21428571428571427	0.07142857142857142	0.07142857142857142	0.21428571428571427	0.07142857142857142	0.07142857142857142	0.07142857142857142	0.07142857142857142	0.07142857142857142
82	82	0.1206896551724138	0.017241379310344827	0.017241379310344827	0.017241379310344827	0.29310344827586204	0.017241379310344827	0.15517241379310345	0.017241379310344827	0.22413793103448276	0.1206896551724138
83	83	0.021739130434782608	0.07971014492753623	0.007246376811594203	0.09420289855072464	0.021739130434782608	0.036231884057971016	0.050724637681159424	0.007246376811594203	0.07971014492753623	0.6014492753623188
84	84	0.011627906976744186	0.011627906976744186	0.03488372093023256	0.47674418604651164	0.03488372093023256	0.22093023255813954	0.08139534883720931	0.011627906976744186	0.011627906976744186	0.10465116279069768
85	85	0.10714285714285714	0.13095238095238096	0.03571428571428571	0.03571428571428571	0.03571428571428571	0.08333333333333333	0.13095238095238096	0.2976190476190476	0.05952380952380952	0.08333333333333333
86	86	0.006578947368421052	0.006578947368421052	0.16447368421052633	0.16447368421052633	0.006578947368421052	0.24342105263157895	0.3223684210526316	0.006578947368421052	0.006578947368421052	0.07236842105263158
87	87	0.2375	0.0875	0.0625	0.0375	0.0125	0.0375	0.2625	0.1625	0.0875	0.0125
88	88	0.2159090909090909	0.10227272727272728	0.011363636363636364	0.056818181818181816	0.07954545454545454	0.19318181818181818	0.07954545454545454	0.2159090909090909	0.011363636363636364	0.03409090909090909
89	89	0.013513513513513514	0.04054054054054054	0.013513513513513514	0.013513513513513514	0.3918918918918919	0.33783783783783783	0.013513513513513514	0.0945945945945946	0.013513513513513514	0.06756756756756757
90	90	0.1590909090909091	0.06818181818181818	0.11363636363636363	0.022727272727272728	0.06818181818181818	0.3409090909090909	0.06818181818181818	0.06818181818181818	0.06818181818181818	0.022727272727272728
91	91	0.20833333333333334	0.2361111111111111	0.18055555555555555	0.013888888888888888	0.2361111111111111	0.013888888888888888	0.013888888888888888	0.06944444444444445	0.013888888888888888	0.013888888888888888
92	92	0.017857142857142856	0.08928571428571429	0.017857142857142856	0.017857142857142856	0.017857142857142856	0.017857142857142856	0.7321428571428571	0.017857142857142856	0.017857142857142856	0.05357142857142857
93	93	0.10483870967741936	0.23387096774193547	0.024193548387096774	0.04032258064516129	0.23387096774193547	0.08870967741935484	0.13709677419354838	0.12096774193548387	0.008064516129032258	0.008064516129032258
94	94	0.23333333333333334	0.16666666666666666	0.011111111111111112	0.03333333333333333	0.1	0.07777777777777778	0.12222222222222222	0.12222222222222222	0.07777777777777778	0.05555555555555555
95	95	0.453125	0.015625	0.046875	0.109375	0.015625	0.046875	0.234375	0.015625	0.046875	0.015625
96	96	0.07142857142857142	0.07142857142857142	0.07142857142857142	0.07142857142857142	0.21428571428571427	0.07142857142857142	0.07142857142857142	0.21428571428571427	0.07142857142857142	0.07142857142857142
97	97	0.12264150943396226	0.009433962264150943	0.009433962264150943	0.009433962264150943	0.16037735849056603	0.08490566037735849	0.009433962264150943	0.009433962264150943	0.10377358490566038	0.4811320754716981
98	98	0.0625	0.2125	0.0125	0.2375	0.0125	0.0125	0.0375	0.1875	0.2125	0.0125
99	99	0.00847457627118644	0.025423728813559324	0.025423728813559324	0.17796610169491525	0.19491525423728814	0.09322033898305085	0.00847457627118644	0.4322033898305085	0.025423728813559324	0.00847457627118644
100	100	0.05434782608695652	0.20652173913043478	0.14130434782608695	0.18478260869565216	0.16304347826086957	0.03260869565217391	0.05434782608695652	0.03260869565217391	0.05434782608695652	0.07608695652173914
101	101	0.00625	0.05625	0.00625	0.14375	0.00625	0.30625	0.21875	0.08125	0.00625	0.16875
102	102	0.035	0.255	0.005	0.075	0.015	0.255	0.025	0.115	0.215	0.005
103	103	0.2916666666666667	0.125	0.041666666666666664	0.013888888888888888	0.013888888888888888	0.20833333333333334	0.013888888888888888	0.041666666666666664	0.06944444444444445	0.18055555555555555
104	104	0.010416666666666666	0.010416666666666666	0.052083333333333336	0.07291666666666667	0.34375	0.09375	0.13541666666666666	0.010416666666666666	0.19791666666666666	0.07291666666666667
105	105	0.00980392156862745	0.08823529411764706	0.00980392156862745	0.00980392156862745	0.00980392156862745	0.029411764705882353	0.3235294117647059	0.08823529411764706	0.4215686274509804	0.00980392156862745
106	106	0.21875	0.03125	0.21875	0.03125	0.09375	0.15625	0.09375	0.03125	0.03125	0.09375
107	107	0.29069767441860467	0.4069767441860465	0.011627906976744186	0.011627906976744186	0.011627906976744186	0.011627906976744186	0.011627906976744186	0.011627906976744186	0.12790697674418605	0.10465116279069768
108	108	0.007692307692307693	0.038461538461538464	0.038461538461538464	0.08461538461538462	0.1	0.05384615384615385	0.3153846153846154	0.007692307692307693	0.007692307692307693	0.34615384615384615
109	109	0.056818181818181816	0.125	0.011363636363636364	0.056818181818181816	0.03409090909090909	0.011363636363636364	0.4431818181818182	0.10227272727272728	0.056818181818181816	0.10227272727272728
110	110	0.4868421052631579	0.2236842105263158	0.06578947368421052	0.013157894736842105	0.039473684210526314	0.09210526315789473	0.013157894736842105	0.013157894736842105	0.039473684210526314	0.013157894736842105
111	111	0.07142857142857142	0.21428571428571427	0.07142857142857142	0.21428571428571427	0.07142857142857142	0.07142857142857142	0.07142857142857142	0.07142857142857142	0.07142857142857142	0.07142857142857142
112	112	0.34	0.06	0.18	0.06	0.02	0.1	0.02	0.06	0.14	0.02
113	113	0.0641025641025641	0.004273504273504274	0.01282051282051282	0.11538461538461539	0.09829059829059829	0.12393162393162394	0.004273504273504274	0.07264957264957266	0.004273504273504274	0.5
114	114	0.022727272727272728	0.022727272727272728	0.06818181818181818	0.25	0.1590909090909091	0.06818181818181818	0.20454545454545456	0.06818181818181818	0.022727272727272728	0.11363636363636363
115	115	0.041666666666666664	0.013888888888888888	0.013888888888888888	0.013888888888888888	0.5416666666666666	0.041666666666666664	0.09722222222222222	0.041666666666666664	0.1527777777777778	0.041666666666666664
116	116	0.014705882352941176	0.014705882352941176	0.04411764705882353	0.014705882352941176	0.1323529411764706	0.014705882352941176	0.5441176470588235	0.07352941176470588	0.07352941176470588	0.07352941176470588
117	117	0.014285714285714285	0.014285714285714285	0.15714285714285714	0.014285714285714285	0.12857142857142856	0.014285714285714285	0.5285714285714286	0.014285714285714285	0.1	0.014285714285714285
118	118	0.06944444444444445	0.013888888888888888	0.013888888888888888	0.013888888888888888	0.041666666666666664	0.2361111111111111	0.4027777777777778	0.06944444444444445	0.09722222222222222	0.041666666666666664
119	119	0.029411764705882353	0.00980392156862745	0.00980392156862745	0.00980392156862745	0.00980392156862745	0.00980392156862745	0.00980392156862745	0.5	0.38235294117647056	0.029411764705882353
120	120	0.20833333333333334	0.013888888888888888	0.041666666666666664	0.013888888888888888	0.09722222222222222	0.09722222222222222	0.4027777777777778	0.09722222222222222	0.013888888888888888	0.013888888888888888
121	121	0.22727272727272727	0.10606060606060606	0.10606060606060606	0.07575757575757576	0.13636363636363635	0.16666666666666666	0.10606060606060606	0.045454545454545456	0.015151515151515152	0.015151515151515152
122	122	0.007936507936507936	0.05555555555555555	0.03968253968253968	0.1349206349206349	0.11904761904761904	0.21428571428571427	0.07142857142857142	0.007936507936507936	0.1349206349206349	0.21428571428571427
123	123	0.08333333333333333	0.1574074074074074	0.009259259259259259	0.06481481481481481	0.21296296296296297	0.009259259259259259	0.39814814814814814	0.009259259259259259	0.027777777777777776	0.027777777777777776
124	124	0.05952380952380952	0.08333333333333333	0.011904761904761904	0.4642857142857143	0.05952380952380952	0.011904761904761904	0.011904761904761904	0.03571428571428571	0.2261904761904762	0.03571428571428571
125	125	0.02631578947368421	0.07894736842105263	0.07894736842105263	0.34210526315789475	0.13157894736842105	0.02631578947368421	0.02631578947368421	0.18421052631578946	0.02631578947368421	0.07894736842105263
126	126	0.12962962962962962	0.018518518518518517	0.05555555555555555	0.018518518518518517	0.018518518518518517	0.12962962962962962	0.018518518518518517	0.018518518518518517	0.5370370370370371	0.05555555555555555
127	127	0.014285714285714285	0.014285714285714285	0.21428571428571427	0.07142857142857142	0.18571428571428572	0.014285714285714285	0.04285714285714286	0.014285714285714285	0.4142857142857143	0.014285714285714285
128	128	0.04054054054054054	0.04054054054054054	0.06756756756756757	0.013513513513513514	0.013513513513513514	0.20270270270270271	0.4189189189189189	0.013513513513513514	0.013513513513513514	0.17567567567567569
129	129	0.016666666666666666	0.016666666666666666	0.016666666666666666	0.016666666666666666	0.15	0.18333333333333332	0.2833333333333333	0.016666666666666666	0.016666666666666666	0.2833333333333333
130	130	0.046875	0.265625	0.140625	0.078125	0.203125	0.046875	0.015625	0.109375	0.078125	0.015625
131	131	0.03571428571428571	0.03571428571428571	0.03571428571428571	0.03571428571428571	0.03571428571428571	0.17857142857142858	0.03571428571428571	0.03571428571428571	0.4642857142857143	0.10714285714285714
132	132	0.3875	0.2125	0.0125	0.0875	0.0625	0.0125	0.0125	0.0625	0.0875	0.0625
133	133	0.0945945945945946	0.013513513513513514	0.013513513513513514	0.013513513513513514	0.06756756756756757	0.06756756756756757	0.0945945945945946	0.013513513513513514	0.527027027027027	0.0945945945945946
134	134	0.007692307692307693	0.11538461538461539	0.007692307692307693	0.023076923076923078	0.2230769230769231	0.1	0.36153846153846153	0.007692307692307693	0.14615384615384616	0.007692307692307693
135	135	0.019230769230769232	0.019230769230769232	0.057692307692307696	0.019230769230769232	0.019230769230769232	0.057692307692307696	0.5192307692307693	0.057692307692307696	0.09615384615384616	0.1346153846153846
136	136	0.07142857142857142	0.07142857142857142	0.21428571428571427	0.07142857142857142	0.07142857142857142	0.07142857142857142	0.07142857142857142	0.21428571428571427	0.07142857142857142	0.07142857142857142
137	137	0.045454545454545456	0.045454545454545456	0.045454545454545456	0.13636363636363635	0.045454545454545456	0.045454545454545456	0.045454545454545456	0.4090909090909091	0.13636363636363635	0.045454545454545456
138	138	0.19811320754716982	0.009433962264150943	0.02830188679245283	0.009433962264150943	0.04716981132075472	0.12264150943396226	0.2358490566037736	0.009433962264150943	0.27358490566037735	0.0660377358490566
139	139	0.05319148936170213	0.20212765957446807	0.010638297872340425	0.010638297872340425	0.13829787234042554	0.031914893617021274	0.07446808510638298	0.3723404255319149	0.031914893617021274	0.07446808510638298
140	140	0.013157894736842105	0.013157894736842105	0.039473684210526314	0.17105263157894737	0.06578947368421052	0.27631578947368424	0.3026315789473684	0.013157894736842105	0.013157894736842105	0.09210526315789473
141	141	0.125	0.041666666666666664	0.013888888888888888	0.013888888888888888	0.013888888888888888	0.013888888888888888	0.20833333333333334	0.013888888888888888	0.013888888888888888	0.5416666666666666
142	142	0.011904761904761904	0.39285714285714285	0.05952380952380952	0.03571428571428571	0.011904761904761904	0.011904761904761904	0.10714285714285714	0.34523809523809523	0.011904761904761904	0.011904761904761904
143	143	0.18333333333333332	0.016666666666666666	0.016666666666666666	0.08333333333333333	0.016666666666666666	0.15	0.016666666666666666	0.05	0.45	0.016666666666666666
144	144	0.225	0.025	0.025	0.025	0.025	0.375	0.025	0.025	0.225	0.025
145	145	0.38571428571428573	0.1	0.014285714285714285	0.014285714285714285	0.18571428571428572	0.014285714285714285	0.12857142857142856	0.12857142857142856	0.014285714285714285	0.014285714285714285
146	146	0.038461538461538464	0.19230769230769232	0.038461538461538464	0.038461538461538464	0.038461538461538464	0.038461538461538464	0.038461538461538464	0.5	0.038461538461538464	0.038461538461538464
147	147	0.017241379310344827	0.15517241379310345	0.08620689655172414	0.017241379310344827	0.017241379310344827	0.43103448275862066	0.017241379310344827	0.017241379310344827	0.017241379310344827	0.22413793103448276
148	148	0.014285714285714285	0.1	0.014285714285714285	0.014285714285714285	0.4142857142857143	0.04285714285714286	0.1	0.014285714285714285	0.21428571428571427	0.07142857142857142
149	149	0.11290322580645161	0.08064516129032258	0.04838709677419355	0.016129032258064516	0.3387096774193548	0.3064516129032258	0.016129032258064516	0.016129032258064516	0.016129032258064516	0.04838709677419355
150	150	0.010416666666666666	0.13541666666666666	0.03125	0.010416666666666666	0.19791666666666666	0.09375	0.09375	0.03125	0.2604166666666667	0.13541666666666666
151	151	0.07142857142857142	0.07142857142857142	0.21428571428571427	0.07142857142857142	0.07142857142857142	0.07142857142857142	0.07142857142857142	0.21428571428571427	0.07142857142857142	0.07142857142857142
152	152	0.10975609756097561	0.2804878048780488	0.06097560975609756	0.012195121951219513	0.25609756097560976	0.08536585365853659	0.06097560975609756	0.012195121951219513	0.06097560975609756	0.06097560975609756
153	153	0.022727272727272728	0.17424242424242425	0.09848484848484848	0.06818181818181818	0.1590909090909091	0.23484848484848486	0.03787878787878788	0.1893939393939394	0.007575757575757576	0.007575757575757576
154	154	0.46296296296296297	0.05555555555555555	0.018518518518518517	0.2777777777777778	0.018518518518518517	0.018518518518518517	0.05555555555555555	0.018518518518518517	0.05555555555555555	0.018518518518518517
155	155	0.038461538461538464	0.01282051282051282	0.038461538461538464	0.038461538461538464	0.4230769230769231	0.038461538461538464	0.01282051282051282	0.21794871794871795	0.11538461538461539	0.0641025641025641
156	156	0.07575757575757576	0.07575757575757576	0.015151515151515152	0.015151515151515152	0.015151515151515152	0.22727272727272727	0.045454545454545456	0.015151515151515152	0.5	0.015151515151515152
157	157	0.016129032258064516	0.016129032258064516	0.08064516129032258	0.11290322580645161	0.08064516129032258	0.11290322580645161	0.24193548387096775	0.04838709677419355	0.016129032258064516	0.27419354838709675
158	158	0.17567567567567569	0.04054054054054054	0.013513513513513514	0.3918918918918919	0.04054054054054054	0.013513513513513514	0.013513513513513514	0.12162162162162163	0.06756756756756757	0.12162162162162163
159	159	0.1125	0.0125	0.0375	0.0625	0.0875	0.0875	0.0625	0.0375	0.3875	0.1125
160	160	0.07142857142857142	0.07142857142857142	0.35714285714285715	0.07142857142857142	0.07142857142857142	0.07142857142857142	0.07142857142857142	0.07142857142857142	0.07142857142857142	0.07142857142857142
161	161	0.1	0.1	0.07142857142857142	0.014285714285714285	0.014285714285714285	0.12857142857142856	0.04285714285714286	0.014285714285714285	0.4714285714285714	0.04285714285714286
162	162	0.18888888888888888	0.03333333333333333	0.05555555555555555	0.2111111111111111	0.05555555555555555	0.07777777777777778	0.011111111111111112	0.011111111111111112	0.2777777777777778	0.07777777777777778
163	163	0.02631578947368421	0.02631578947368421	0.07894736842105263	0.02631578947368421	0.07894736842105263	0.02631578947368421	0.6052631578947368	0.02631578947368421	0.07894736842105263	0.02631578947368421
164	164	0.008771929824561403	0.07894736842105263	0.14912280701754385	0.4298245614035088	0.14912280701754385	0.02631578947368421	0.06140350877192982	0.008771929824561403	0.008771929824561403	0.07894736842105263
165	165	0.017241379310344827	0.017241379310344827	0.017241379310344827	0.05172413793103448	0.25862068965517243	0.1896551724137931	0.1206896551724138	0.017241379310344827	0.15517241379310345	0.15517241379310345
166	166	0.10952380952380952	0.04285714285714286	0.004761904761904762	0.023809523809523808	0.04285714285714286	0.10952380952380952	0.22380952380952382	0.023809523809523808	0.3952380952380952	0.023809523809523808
167	167	0.007936507936507936	0.03968253968253968	0.03968253968253968	0.2777777777777778	0.023809523809523808	0.07142857142857142	0.2777777777777778	0.05555555555555555	0.03968253968253968	0.16666666666666666
168	168	0.10377358490566038	0.29245283018867924	0.10377358490566038	0.009433962264150943	0.009433962264150943	0.009433962264150943	0.10377358490566038	0.19811320754716982	0.02830188679245283	0.14150943396226415
169	169	0.017241379310344827	0.05172413793103448	0.017241379310344827	0.05172413793103448	0.5	0.25862068965517243	0.017241379310344827	0.017241379310344827	0.017241379310344827	0.05172413793103448
170	170	0.22727272727272727	0.045454545454545456	0.045454545454545456	0.015151515151515152	0.3181818181818182	0.045454545454545456	0.015151515151515152	0.015151515151515152	0.25757575757575757	0.015151515151515152
171	171	0.0625	0.3625	0.0375	0.0375	0.1125	0.1875	0.0625	0.0375	0.0125	0.0875
172	172	0.010638297872340425	0.031914893617021274	0.07446808510638298	0.031914893617021274	0.031914893617021274	0.1595744680851064	0.4148936170212766	0.031914893617021274	0.031914893617021274	0.18085106382978725
173	173	0.16666666666666666	0.16666666666666666	0.00980392156862745	0.10784313725490197	0.12745098039215685	0.00980392156862745	0.00980392156862745	0.00980392156862745	0.38235294117647056	0.00980392156862745
174	174	0.2916666666666667	0.1527777777777778	0.06944444444444445	0.013888888888888888	0.013888888888888888	0.06944444444444445	0.013888888888888888	0.041666666666666664	0.3194444444444444	0.013888888888888888
175	175	0.0945945945945946	0.06756756756756757	0.013513513513513514	0.013513513513513514	0.013513513513513514	0.3918918918918919	0.0945945945945946	0.22972972972972974	0.013513513513513514	0.06756756756756757
176	176	0.01282051282051282	0.24358974358974358	0.19230769230769232	0.038461538461538464	0.01282051282051282	0.0641025641025641	0.21794871794871795	0.11538461538461539	0.01282051282051282	0.08974358974358974
177	177	0.011627906976744186	0.011627906976744186	0.011627906976744186	0.011627906976744186	0.011627906976744186	0.011627906976744186	0.011627906976744186	0.5930232558139535	0.313953488372093	0.011627906976744186
178	178	0.325	0.075	0.175	0.025	0.025	0.075	0.025	0.075	0.075	0.125
179	179	0.07142857142857142	0.07142857142857142	0.07142857142857142	0.07142857142857142	0.07142857142857142	0.07142857142857142	0.21428571428571427	0.07142857142857142	0.07142857142857142	0.21428571428571427
180	180	0.05	0.15	0.15	0.25	0.05	0.05	0.05	0.15	0.05	0.05
181	181	0.04054054054054054	0.04054054054054054	0.12162162162162163	0.013513513513513514	0.06756756756756757	0.33783783783783783	0.013513513513513514	0.12162162162162163	0.22972972972972974	0.013513513513513514
182	182	0.05952380952380952	0.20238095238095238	0.39285714285714285	0.011904761904761904	0.011904761904761904	0.011904761904761904	0.10714285714285714	0.011904761904761904	0.03571428571428571	0.15476190476190477
183	183	0.038461538461538464	0.038461538461538464	0.01282051282051282	0.01282051282051282	0.11538461538461539	0.16666666666666666	0.01282051282051282	0.01282051282051282	0.5	0.08974358974358974
184	184	0.43548387096774194	0.04838709677419355	0.04838709677419355	0.08064516129032258	0.016129032258064516	0.04838709677419355	0.14516129032258066	0.016129032258064516	0.016129032258064516	0.14516129032258066
185	185	0.03333333333333333	0.1	0.1	0.03333333333333333	0.16666666666666666	0.03333333333333333	0.03333333333333333	0.03333333333333333	0.36666666666666664	0.1
186	186	0.012195121951219513	0.15853658536585366	0.012195121951219513	0.012195121951219513	0.012195121951219513	0.012195121951219513	0.036585365853658534	0.06097560975609756	0.4268292682926829	0.25609756097560976
187	187	0.017857142857142856	0.017857142857142856	0.08928571428571429	0.08928571428571429	0.017857142857142856	0.125	0.16071428571428573	0.125	0.3392857142857143	0.017857142857142856
188	188	0.01020408163265306	0.030612244897959183	0.07142857142857142	0.05102040816326531	0.23469387755102042	0.01020408163265306	0.41836734693877553	0.11224489795918367	0.030612244897959183	0.030612244897959183
189	189	0.015625	0.015625	0.078125	0.015625	0.265625	0.171875	0.234375	0.015625	0.046875	0.140625
190	190	0.14705882352941177	0.08823529411764706	0.029411764705882353	0.08823529411764706	0.029411764705882353	0.029411764705882353	0.029411764705882353	0.029411764705882353	0.38235294117647056	0.14705882352941177
191	191	0.09259259259259259	0.05555555555555555	0.018518518518518517	0.018518518518518517	0.05555555555555555	0.09259259259259259	0.05555555555555555	0.16666666666666666	0.42592592592592593	0.018518518518518517
192	192	0.016129032258064516	0.016129032258064516	0.04838709677419355	0.24193548387096775	0.016129032258064516	0.11290322580645161	0.016129032258064516	0.016129032258064516	0.016129032258064516	0.5
193	193	0.0048543689320388345	0.0048543689320388345	0.014563106796116505	0.0825242718446602	0.45145631067961167	0.09223300970873786	0.014563106796116505	0.0825242718446602	0.10194174757281553	0.15048543689320387
194	194	0.11875	0.01875	0.00625	0.41875	0.05625	0.15625	0.06875	0.03125	0.11875	0.00625
195	195	0.2578125	0.0703125	0.0078125	0.0390625	0.0703125	0.4609375	0.0078125	0.0078125	0.0546875	0.0234375
196	196	0.013157894736842105	0.14473684210526316	0.039473684210526314	0.013157894736842105	0.4342105263157895	0.06578947368421052	0.013157894736842105	0.09210526315789473	0.17105263157894737	0.013157894736842105
197	197	0.02	0.1	0.02	0.14	0.34	0.06	0.02	0.06	0.22	0.02
198	198	0.22727272727272727	0.045454545454545456	0.07575757575757576	0.10606060606060606	0.10606060606060606	0.015151515151515152	0.015151515151515152	0.015151515151515152	0.2878787878787879	0.10606060606060606
199	199	0.25	0.019230769230769232	0.019230769230769232	0.019230769230769232	0.21153846153846154	0.019230769230769232	0.36538461538461536	0.019230769230769232	0.019230769230769232	0.057692307692307696
200	200	0.00980392156862745	0.08823529411764706	0.00980392156862745	0.4019607843137255	0.00980392156862745	0.10784313725490197	0.029411764705882353	0.00980392156862745	0.12745098039215685	0.20588235294117646
201	201	0.09615384615384616	0.09615384615384616	0.17307692307692307	0.1346153846153846	0.019230769230769232	0.057692307692307696	0.21153846153846154	0.019230769230769232	0.09615384615384616	0.09615384615384616
202	202	0.25	0.07608695652173914	0.010869565217391304	0.010869565217391304	0.03260869565217391	0.05434782608695652	0.40217391304347827	0.010869565217391304	0.14130434782608695	0.010869565217391304
203	203	0.039473684210526314	0.06578947368421052	0.013157894736842105	0.14473684210526316	0.06578947368421052	0.35526315789473684	0.013157894736842105	0.039473684210526314	0.039473684210526314	0.2236842105263158
204	204	0.0125	0.0125	0.0125	0.0125	0.2625	0.1125	0.0375	0.1625	0.3125	0.0625
205	205	0.10606060606060606	0.015151515151515152	0.07575757575757576	0.07575757575757576	0.015151515151515152	0.25757575757575757	0.015151515151515152	0.07575757575757576	0.3181818181818182	0.045454545454545456
206	206	0.04285714285714286	0.18571428571428572	0.014285714285714285	0.07142857142857142	0.15714285714285714	0.15714285714285714	0.014285714285714285	0.1	0.014285714285714285	0.24285714285714285
207	207	0.34615384615384615	0.038461538461538464	0.11538461538461539	0.038461538461538464	0.19230769230769232	0.11538461538461539	0.038461538461538464	0.038461538461538464	0.038461538461538464	0.038461538461538464
208	208	0.29347826086956524	0.010869565217391304	0.03260869565217391	0.05434782608695652	0.03260869565217391	0.2717391304347826	0.18478260869565216	0.010869565217391304	0.09782608695652174	0.010869565217391304
209	209	0.05555555555555555	0.16666666666666666	0.05555555555555555	0.05555555555555555	0.05555555555555555	0.16666666666666666	0.05555555555555555	0.05555555555555555	0.2777777777777778	0.05555555555555555
210	210	0.20967741935483872	0.04838709677419355	0.016129032258064516	0.1774193548387097	0.016129032258064516	0.08064516129032258	0.11290322580645161	0.3064516129032258	0.016129032258064516	0.016129032258064516
211	211	0.1511627906976744	0.05813953488372093	0.011627906976744186	0.011627906976744186	0.2441860465116279	0.19767441860465115	0.10465116279069768	0.05813953488372093	0.12790697674418605	0.03488372093023256
