0	0	0.018518518518518517	0.05555555555555555	0.05555555555555555	0.09259259259259259	0.6111111111111112	0.018518518518518517	0.018518518518518517	0.05555555555555555	0.05555555555555555	0.018518518518518517
1	1	0.3484848484848485	0.015151515151515152	0.10606060606060606	0.07575757575757576	0.19696969696969696	0.015151515151515152	0.015151515151515152	0.015151515151515152	0.045454545454545456	0.16666666666666666
2	2	0.01282051282051282	0.038461538461538464	0.32051282051282054	0.01282051282051282	0.01282051282051282	0.14102564102564102	0.038461538461538464	0.11538461538461539	0.2948717948717949	0.01282051282051282
3	3	0.14772727272727273	0.056818181818181816	0.07954545454545454	0.26136363636363635	0.2840909090909091	0.03409090909090909	0.011363636363636364	0.10227272727272728	0.011363636363636364	0.011363636363636364
4	4	0.013157894736842105	0.039473684210526314	0.039473684210526314	0.25	0.4605263157894737	0.013157894736842105	0.06578947368421052	0.039473684210526314	0.013157894736842105	0.06578947368421052
5	5	0.023809523809523808	0.023809523809523808	0.07142857142857142	0.4523809523809524	0.07142857142857142	0.023809523809523808	0.023809523809523808	0.023809523809523808	0.21428571428571427	0.07142857142857142
6	6	0.014705882352941176	0.04411764705882353	0.10294117647058823	0.36764705882352944	0.07352941176470588	0.014705882352941176	0.27941176470588236	0.014705882352941176	0.07352941176470588	0.014705882352941176
7	7	0.08974358974358974	0.08974358974358974	0.3717948717948718	0.01282051282051282	0.01282051282051282	0.01282051282051282	0.08974358974358974	0.01282051282051282	0.01282051282051282	0.2948717948717949
8	8	0.03125	0.03125	0.09375	0.34375	0.03125	0.03125	0.09375	0.03125	0.21875	0.09375
9	9	0.046875	0.046875	0.109375	0.140625	0.015625	0.015625	0.578125	0.015625	0.015625	0.015625
10	10	0.016666666666666666	0.016666666666666666	0.016666666666666666	0.016666666666666666	0.18333333333333332	0.31666666666666665	0.016666666666666666	0.016666666666666666	0.38333333333333336	0.016666666666666666
11	11	0.04838709677419355	0.016129032258064516	0.43548387096774194	0.3064516129032258	0.016129032258064516	0.016129032258064516	0.04838709677419355	0.08064516129032258	0.016129032258064516	0.016129032258064516
12	12	0.11842105263157894	0.039473684210526314	0.013157894736842105	0.039473684210526314	0.013157894736842105	0.039473684210526314	0.27631578947368424	0.013157894736842105	0.25	0.19736842105263158
13	13	0.02	0.14	0.02	0.02	0.06	0.14	0.22	0.02	0.3	0.06
14	14	0.359375	0.015625	0.046875	0.015625	0.171875	0.015625	0.140625	0.015625	0.078125	0.140625
15	15	0.07142857142857142	0.07142857142857142	0.07142857142857142	0.07142857142857142	0.07142857142857142	0.21428571428571427	0.07142857142857142	0.07142857142857142	0.07142857142857142	0.21428571428571427
16	16	0.038461538461538464	0.06923076923076923	0.007692307692307693	0.023076923076923078	0.17692307692307693	0.23846153846153847	0.023076923076923078	0.007692307692307693	0.3923076923076923	0.023076923076923078
17	17	0.018518518518518517	0.09259259259259259	0.018518518518518517	0.16666666666666666	0.2777777777777778	0.05555555555555555	0.24074074074074073	0.05555555555555555	0.018518518518518517	0.05555555555555555
18	18	0.3709677419354839	0.016129032258064516	0.016129032258064516	0.016129032258064516	0.08064516129032258	0.016129032258064516	0.3387096774193548	0.04838709677419355	0.08064516129032258	0.016129032258064516
19	19	0.140625	0.015625	0.015625	0.078125	0.015625	0.078125	0.515625	0.015625	0.015625	0.109375
20	20	0.15	0.05	0.25	0.05	0.05	0.05	0.05	0.25	0.05	0.05
21	21	0.016129032258064516	0.016129032258064516	0.016129032258064516	0.016129032258064516	0.20967741935483872	0.016129032258064516	0.5	0.016129032258064516	0.1774193548387097	0.016129032258064516
22	22	0.015625	0.015625	0.015625	0.359375	0.109375	0.015625	0.296875	0.078125	0.015625	0.078125
23	23	0.041666666666666664	0.041666666666666664	0.20833333333333334	0.20833333333333334	0.2638888888888889	0.041666666666666664	0.06944444444444445	0.041666666666666664	0.013888888888888888	0.06944444444444445
24	24	0.175	0.008333333333333333	0.025	0.008333333333333333	0.175	0.30833333333333335	0.008333333333333333	0.14166666666666666	0.008333333333333333	0.14166666666666666
25	25	0.5666666666666667	0.03333333333333333	0.03333333333333333	0.03333333333333333	0.03333333333333333	0.1	0.03333333333333333	0.1	0.03333333333333333	0.03333333333333333
26	26	0.6911764705882353	0.014705882352941176	0.04411764705882353	0.014705882352941176	0.014705882352941176	0.014705882352941176	0.014705882352941176	0.04411764705882353	0.10294117647058823	0.04411764705882353
27	27	0.011904761904761904	0.7976190476190477	0.011904761904761904	0.05952380952380952	0.03571428571428571	0.011904761904761904	0.011904761904761904	0.011904761904761904	0.03571428571428571	0.011904761904761904
28	28	0.03571428571428571	0.03571428571428571	0.10714285714285714	0.10714285714285714	0.10714285714285714	0.03571428571428571	0.25	0.17857142857142858	0.03571428571428571	0.10714285714285714
29	29	0.01282051282051282	0.0641025641025641	0.01282051282051282	0.038461538461538464	0.14102564102564102	0.19230769230769232	0.08974358974358974	0.11538461538461539	0.01282051282051282	0.32051282051282054
30	30	0.00980392156862745	0.30392156862745096	0.00980392156862745	0.08823529411764706	0.38235294117647056	0.029411764705882353	0.08823529411764706	0.06862745098039216	0.00980392156862745	0.00980392156862745
31	31	0.09701492537313433	0.06716417910447761	0.007462686567164179	0.08208955223880597	0.022388059701492536	0.12686567164179105	0.5298507462686567	0.03731343283582089	0.007462686567164179	0.022388059701492536
32	32	0.03125	0.03125	0.40625	0.03125	0.28125	0.09375	0.03125	0.03125	0.03125	0.03125
33	33	0.017241379310344827	0.08620689655172414	0.05172413793103448	0.1206896551724138	0.08620689655172414	0.05172413793103448	0.017241379310344827	0.017241379310344827	0.08620689655172414	0.46551724137931033
34	34	0.038461538461538464	0.6538461538461539	0.038461538461538464	0.038461538461538464	0.038461538461538464	0.038461538461538464	0.038461538461538464	0.038461538461538464	0.038461538461538464	0.038461538461538464
35	35	0.011111111111111112	0.011111111111111112	0.16666666666666666	0.18888888888888888	0.12222222222222222	0.011111111111111112	0.34444444444444444	0.011111111111111112	0.03333333333333333	0.1
36	36	0.1	0.14444444444444443	0.011111111111111112	0.14444444444444443	0.05555555555555555	0.1	0.1	0.07777777777777778	0.05555555555555555	0.2111111111111111
37	37	0.08333333333333333	0.027777777777777776	0.4722222222222222	0.1388888888888889	0.08333333333333333	0.027777777777777776	0.027777777777777776	0.027777777777777776	0.08333333333333333	0.027777777777777776
38	38	0.038461538461538464	0.038461538461538464	0.038461538461538464	0.038461538461538464	0.038461538461538464	0.038461538461538464	0.6538461538461539	0.038461538461538464	0.038461538461538464	0.038461538461538464
39	39	0.08333333333333333	0.027777777777777776	0.027777777777777776	0.08333333333333333	0.19444444444444445	0.3055555555555556	0.027777777777777776	0.1388888888888889	0.08333333333333333	0.027777777777777776
40	40	0.016129032258064516	0.04838709677419355	0.016129032258064516	0.11290322580645161	0.14516129032258066	0.14516129032258066	0.016129032258064516	0.016129032258064516	0.016129032258064516	0.46774193548387094
41	41	0.018518518518518517	0.018518518518518517	0.3148148148148148	0.35185185185185186	0.018518518518518517	0.09259259259259259	0.018518518518518517	0.018518518518518517	0.018518518518518517	0.12962962962962962
42	42	0.10869565217391304	0.021739130434782608	0.32608695652173914	0.10869565217391304	0.10869565217391304	0.021739130434782608	0.1956521739130435	0.021739130434782608	0.06521739130434782	0.021739130434782608
43	43	0.13541666666666666	0.09375	0.010416666666666666	0.03125	0.4895833333333333	0.052083333333333336	0.03125	0.010416666666666666	0.11458333333333333	0.03125
44	44	0.013157894736842105	0.06578947368421052	0.11842105263157894	0.06578947368421052	0.17105263157894737	0.3026315789473684	0.09210526315789473	0.09210526315789473	0.039473684210526314	0.039473684210526314
45	45	0.038461538461538464	0.6538461538461539	0.038461538461538464	0.038461538461538464	0.038461538461538464	0.038461538461538464	0.038461538461538464	0.038461538461538464	0.038461538461538464	0.038461538461538464
46	46	0.1896551724137931	0.1206896551724138	0.017241379310344827	0.1206896551724138	0.05172413793103448	0.08620689655172414	0.29310344827586204	0.08620689655172414	0.017241379310344827	0.017241379310344827
47	47	0.07894736842105263	0.13157894736842105	0.02631578947368421	0.23684210526315788	0.02631578947368421	0.13157894736842105	0.13157894736842105	0.13157894736842105	0.07894736842105263	0.02631578947368421
48	48	0.11666666666666667	0.016666666666666666	0.016666666666666666	0.2833333333333333	0.016666666666666666	0.05	0.4166666666666667	0.016666666666666666	0.05	0.016666666666666666
49	49	0.08333333333333333	0.011904761904761904	0.011904761904761904	0.011904761904761904	0.34523809523809523	0.08333333333333333	0.32142857142857145	0.05952380952380952	0.011904761904761904	0.05952380952380952
50	50	0.2826086956521739	0.021739130434782608	0.10869565217391304	0.32608695652173914	0.021739130434782608	0.021739130434782608	0.021739130434782608	0.021739130434782608	0.15217391304347827	0.021739130434782608
51	51	0.017857142857142856	0.05357142857142857	0.16071428571428573	0.08928571428571429	0.125	0.16071428571428573	0.16071428571428573	0.08928571428571429	0.017857142857142856	0.125
52	52	0.012195121951219513	0.06097560975609756	0.06097560975609756	0.2073170731707317	0.08536585365853659	0.15853658536585366	0.3048780487804878	0.08536585365853659	0.012195121951219513	0.012195121951219513
53	53	0.14	0.22	0.1	0.02	0.1	0.26	0.02	0.06	0.02	0.06
54	54	0.08333333333333333	0.016666666666666666	0.38333333333333336	0.016666666666666666	0.08333333333333333	0.016666666666666666	0.08333333333333333	0.016666666666666666	0.25	0.05
55	55	0.05	0.05	0.05	0.55	0.05	0.05	0.05	0.05	0.05	0.05
56	56	0.038461538461538464	0.6538461538461539	0.038461538461538464	0.038461538461538464	0.038461538461538464	0.038461538461538464	0.038461538461538464	0.038461538461538464	0.038461538461538464	0.038461538461538464
57	57	0.013888888888888888	0.09722222222222222	0.2361111111111111	0.013888888888888888	0.013888888888888888	0.013888888888888888	0.09722222222222222	0.041666666666666664	0.2916666666666667	0.18055555555555555
58	58	0.27941176470588236	0.04411764705882353	0.014705882352941176	0.04411764705882353	0.16176470588235295	0.10294117647058823	0.25	0.04411764705882353	0.014705882352941176	0.04411764705882353
59	59	0.07142857142857142	0.07142857142857142	0.07142857142857142	0.07142857142857142	0.07142857142857142	0.07142857142857142	0.21428571428571427	0.21428571428571427	0.07142857142857142	0.07142857142857142
60	60	0.03125	0.03125	0.03125	0.15625	0.03125	0.03125	0.46875	0.03125	0.03125	0.15625
61	61	0.016666666666666666	0.016666666666666666	0.016666666666666666	0.31666666666666665	0.016666666666666666	0.016666666666666666	0.18333333333333332	0.016666666666666666	0.31666666666666665	0.08333333333333333
62	62	0.07352941176470588	0.014705882352941176	0.014705882352941176	0.014705882352941176	0.04411764705882353	0.014705882352941176	0.04411764705882353	0.3088235294117647	0.1323529411764706	0.3382352941176471
63	63	0.03571428571428571	0.17857142857142858	0.03571428571428571	0.03571428571428571	0.39285714285714285	0.17857142857142858	0.03571428571428571	0.03571428571428571	0.03571428571428571	0.03571428571428571
64	64	0.08823529411764706	0.029411764705882353	0.029411764705882353	0.3235294117647059	0.20588235294117646	0.08823529411764706	0.029411764705882353	0.08823529411764706	0.029411764705882353	0.08823529411764706
65	65	0.023809523809523808	0.07142857142857142	0.07142857142857142	0.11904761904761904	0.07142857142857142	0.07142857142857142	0.16666666666666666	0.07142857142857142	0.30952380952380953	0.023809523809523808
66	66	0.13636363636363635	0.045454545454545456	0.045454545454545456	0.13636363636363635	0.22727272727272727	0.045454545454545456	0.045454545454545456	0.22727272727272727	0.045454545454545456	0.045454545454545456
67	67	0.125	0.025	0.025	0.125	0.525	0.025	0.025	0.025	0.025	0.075
68	68	0.038461538461538464	0.038461538461538464	0.4230769230769231	0.11538461538461539	0.11538461538461539	0.038461538461538464	0.11538461538461539	0.038461538461538464	0.038461538461538464	0.038461538461538464
69	69	0.04838709677419355	0.016129032258064516	0.11290322580645161	0.4032258064516129	0.016129032258064516	0.08064516129032258	0.04838709677419355	0.11290322580645161	0.14516129032258066	0.016129032258064516
70	70	0.05952380952380952	0.011904761904761904	0.011904761904761904	0.03571428571428571	0.36904761904761907	0.20238095238095238	0.10714285714285714	0.05952380952380952	0.08333333333333333	0.05952380952380952
71	71	0.013888888888888888	0.013888888888888888	0.041666666666666664	0.06944444444444445	0.013888888888888888	0.2361111111111111	0.5416666666666666	0.013888888888888888	0.041666666666666664	0.013888888888888888
72	72	0.038461538461538464	0.01282051282051282	0.5769230769230769	0.01282051282051282	0.01282051282051282	0.11538461538461539	0.14102564102564102	0.0641025641025641	0.01282051282051282	0.01282051282051282
73	73	0.011904761904761904	0.08333333333333333	0.10714285714285714	0.05952380952380952	0.011904761904761904	0.011904761904761904	0.011904761904761904	0.13095238095238096	0.39285714285714285	0.17857142857142858
74	74	0.08974358974358974	0.01282051282051282	0.01282051282051282	0.21794871794871795	0.4230769230769231	0.038461538461538464	0.08974358974358974	0.0641025641025641	0.01282051282051282	0.038461538461538464
75	75	0.05	0.15	0.05	0.11666666666666667	0.25	0.08333333333333333	0.11666666666666667	0.016666666666666666	0.15	0.016666666666666666
76	76	0.029411764705882353	0.049019607843137254	0.00980392156862745	0.30392156862745096	0.029411764705882353	0.00980392156862745	0.24509803921568626	0.16666666666666666	0.08823529411764706	0.06862745098039216
77	77	0.01282051282051282	0.01282051282051282	0.08974358974358974	0.24358974358974358	0.038461538461538464	0.01282051282051282	0.2692307692307692	0.01282051282051282	0.01282051282051282	0.2948717948717949
78	78	0.17307692307692307	0.17307692307692307	0.1346153846153846	0.057692307692307696	0.057692307692307696	0.019230769230769232	0.21153846153846154	0.019230769230769232	0.1346153846153846	0.019230769230769232
79	79	0.038461538461538464	0.6538461538461539	0.038461538461538464	0.038461538461538464	0.038461538461538464	0.038461538461538464	0.038461538461538464	0.038461538461538464	0.038461538461538464	0.038461538461538464
80	80	0.045454545454545456	0.045454545454545456	0.045454545454545456	0.045454545454545456	0.045454545454545456	0.045454545454545456	0.13636363636363635	0.045454545454545456	0.045454545454545456	0.5
81	81	0.1896551724137931	0.017241379310344827	0.017241379310344827	0.017241379310344827	0.5344827586206896	0.017241379310344827	0.05172413793103448	0.1206896551724138	0.017241379310344827	0.017241379310344827
82	82	0.038461538461538464	0.6538461538461539	0.038461538461538464	0.038461538461538464	0.038461538461538464	0.038461538461538464	0.038461538461538464	0.038461538461538464	0.038461538461538464	0.038461538461538464
83	83	0.045454545454545456	0.045454545454545456	0.015151515151515152	0.22727272727272727	0.3787878787878788	0.015151515151515152	0.19696969696969696	0.045454545454545456	0.015151515151515152	0.015151515151515152
84	84	0.022058823529411766	0.007352941176470588	0.022058823529411766	0.41911764705882354	0.007352941176470588	0.007352941176470588	0.11029411764705882	0.11029411764705882	0.13970588235294118	0.15441176470588236
85	85	0.02	0.02	0.02	0.02	0.54	0.1	0.02	0.02	0.02	0.22
86	86	0.038461538461538464	0.038461538461538464	0.34615384615384615	0.19230769230769232	0.11538461538461539	0.038461538461538464	0.038461538461538464	0.11538461538461539	0.038461538461538464	0.038461538461538464
87	87	0.07894736842105263	0.2894736842105263	0.02631578947368421	0.34210526315789475	0.02631578947368421	0.02631578947368421	0.07894736842105263	0.02631578947368421	0.07894736842105263	0.02631578947368421
88	88	0.09375	0.03125	0.03125	0.28125	0.09375	0.03125	0.09375	0.03125	0.03125	0.28125
89	89	0.19318181818181818	0.056818181818181816	0.011363636363636364	0.2840909090909091	0.011363636363636364	0.011363636363636364	0.375	0.03409090909090909	0.011363636363636364	0.011363636363636364
90	90	0.041666666666666664	0.008333333333333333	0.058333333333333334	0.008333333333333333	0.008333333333333333	0.025	0.325	0.075	0.15833333333333333	0.2916666666666667
91	91	0.011627906976744186	0.011627906976744186	0.2441860465116279	0.19767441860465115	0.011627906976744186	0.011627906976744186	0.03488372093023256	0.05813953488372093	0.313953488372093	0.10465116279069768
92	92	0.08333333333333333	0.05	0.016666666666666666	0.05	0.38333333333333336	0.2833333333333333	0.016666666666666666	0.016666666666666666	0.016666666666666666	0.08333333333333333
93	93	0.125	0.125	0.175	0.075	0.075	0.025	0.275	0.025	0.075	0.025
94	94	0.11956521739130435	0.07608695652173914	0.05434782608695652	0.07608695652173914	0.010869565217391304	0.07608695652173914	0.09782608695652174	0.07608695652173914	0.010869565217391304	0.40217391304347827
95	95	0.018518518518518517	0.018518518518518517	0.018518518518518517	0.35185185185185186	0.2037037037037037	0.018518518518518517	0.2037037037037037	0.018518518518518517	0.09259259259259259	0.05555555555555555
96	96	0.3	0.03333333333333333	0.1	0.16666666666666666	0.16666666666666666	0.03333333333333333	0.1	0.03333333333333333	0.03333333333333333	0.03333333333333333
97	97	0.05	0.45	0.05	0.05	0.05	0.05	0.05	0.05	0.15	0.05
98	98	0.08333333333333333	0.016666666666666666	0.05	0.6166666666666667	0.05	0.016666666666666666	0.08333333333333333	0.05	0.016666666666666666	0.016666666666666666
99	99	0.027777777777777776	0.027777777777777776	0.027777777777777776	0.3611111111111111	0.3611111111111111	0.08333333333333333	0.027777777777777776	0.027777777777777776	0.027777777777777776	0.027777777777777776
100	100	0.027777777777777776	0.027777777777777776	0.3055555555555556	0.08333333333333333	0.027777777777777776	0.027777777777777776	0.1388888888888889	0.027777777777777776	0.1388888888888889	0.19444444444444445
101	101	0.02	0.14	0.02	0.14	0.06	0.3	0.26	0.02	0.02	0.02
102	102	0.025	0.025	0.025	0.425	0.175	0.025	0.175	0.025	0.075	0.025
103	103	0.027777777777777776	0.027777777777777776	0.08333333333333333	0.6388888888888888	0.027777777777777776	0.027777777777777776	0.08333333333333333	0.027777777777777776	0.027777777777777776	0.027777777777777776
104	104	0.041666666666666664	0.041666666666666664	0.041666666666666664	0.5416666666666666	0.041666666666666664	0.041666666666666664	0.125	0.041666666666666664	0.041666666666666664	0.041666666666666664
105	105	0.045454545454545456	0.25757575757575757	0.3484848484848485	0.16666666666666666	0.015151515151515152	0.015151515151515152	0.045454545454545456	0.045454545454545456	0.015151515151515152	0.045454545454545456
106	106	0.019230769230769232	0.8269230769230769	0.019230769230769232	0.019230769230769232	0.019230769230769232	0.019230769230769232	0.019230769230769232	0.019230769230769232	0.019230769230769232	0.019230769230769232
107	107	0.01282051282051282	0.038461538461538464	0.01282051282051282	0.0641025641025641	0.21794871794871795	0.34615384615384615	0.038461538461538464	0.038461538461538464	0.19230769230769232	0.038461538461538464
108	108	0.3125	0.008928571428571428	0.008928571428571428	0.008928571428571428	0.1875	0.044642857142857144	0.008928571428571428	0.08035714285714286	0.044642857142857144	0.29464285714285715
109	109	0.10294117647058823	0.04411764705882353	0.04411764705882353	0.014705882352941176	0.07352941176470588	0.014705882352941176	0.014705882352941176	0.014705882352941176	0.6323529411764706	0.04411764705882353
110	110	0.038461538461538464	0.6538461538461539	0.038461538461538464	0.038461538461538464	0.038461538461538464	0.038461538461538464	0.038461538461538464	0.038461538461538464	0.038461538461538464	0.038461538461538464
111	111	0.038461538461538464	0.6538461538461539	0.038461538461538464	0.038461538461538464	0.038461538461538464	0.038461538461538464	0.038461538461538464	0.038461538461538464	0.038461538461538464	0.038461538461538464
112	112	0.5425531914893617	0.09574468085106383	0.031914893617021274	0.031914893617021274	0.07446808510638298	0.010638297872340425	0.09574468085106383	0.010638297872340425	0.07446808510638298	0.031914893617021274
113	113	0.01020408163265306	0.09183673469387756	0.19387755102040816	0.19387755102040816	0.09183673469387756	0.11224489795918367	0.15306122448979592	0.01020408163265306	0.1326530612244898	0.01020408163265306
114	114	0.05813953488372093	0.10465116279069768	0.08139534883720931	0.05813953488372093	0.05813953488372093	0.011627906976744186	0.5930232558139535	0.011627906976744186	0.011627906976744186	0.011627906976744186
115	115	0.08064516129032258	0.016129032258064516	0.04838709677419355	0.14516129032258066	0.11290322580645161	0.3064516129032258	0.016129032258064516	0.04838709677419355	0.14516129032258066	0.08064516129032258
116	116	0.19230769230769232	0.19230769230769232	0.11538461538461539	0.038461538461538464	0.038461538461538464	0.11538461538461539	0.19230769230769232	0.038461538461538464	0.038461538461538464	0.038461538461538464
117	117	0.03333333333333333	0.03333333333333333	0.16666666666666666	0.23333333333333334	0.1	0.03333333333333333	0.03333333333333333	0.03333333333333333	0.16666666666666666	0.16666666666666666
118	118	0.011363636363636364	0.42045454545454547	0.011363636363636364	0.14772727272727273	0.011363636363636364	0.056818181818181816	0.14772727272727273	0.03409090909090909	0.011363636363636364	0.14772727272727273
119	119	0.017857142857142856	0.26785714285714285	0.017857142857142856	0.017857142857142856	0.3392857142857143	0.125	0.08928571428571429	0.017857142857142856	0.017857142857142856	0.08928571428571429
120	120	0.011627906976744186	0.011627906976744186	0.03488372093023256	0.12790697674418605	0.10465116279069768	0.011627906976744186	0.6395348837209303	0.011627906976744186	0.011627906976744186	0.03488372093023256
121	121	0.0625	0.020833333333333332	0.020833333333333332	0.2708333333333333	0.4375	0.020833333333333332	0.020833333333333332	0.10416666666666667	0.020833333333333332	0.020833333333333332
122	122	0.038461538461538464	0.6538461538461539	0.038461538461538464	0.038461538461538464	0.038461538461538464	0.038461538461538464	0.038461538461538464	0.038461538461538464	0.038461538461538464	0.038461538461538464
123	123	0.03125	0.010416666666666666	0.010416666666666666	0.3020833333333333	0.40625	0.07291666666666667	0.09375	0.052083333333333336	0.010416666666666666	0.010416666666666666
124	124	0.1	0.03333333333333333	0.36666666666666664	0.16666666666666666	0.03333333333333333	0.1	0.03333333333333333	0.03333333333333333	0.03333333333333333	0.1
125	125	0.031914893617021274	0.031914893617021274	0.010638297872340425	0.09574468085106383	0.07446808510638298	0.010638297872340425	0.11702127659574468	0.13829787234042554	0.05319148936170213	0.43617021276595747
126	126	0.021739130434782608	0.021739130434782608	0.06521739130434782	0.15217391304347827	0.021739130434782608	0.021739130434782608	0.06521739130434782	0.021739130434782608	0.32608695652173914	0.2826086956521739
127	127	0.08064516129032258	0.016129032258064516	0.1774193548387097	0.08064516129032258	0.14516129032258066	0.04838709677419355	0.08064516129032258	0.016129032258064516	0.3064516129032258	0.04838709677419355
128	128	0.012195121951219513	0.13414634146341464	0.06097560975609756	0.23170731707317074	0.012195121951219513	0.012195121951219513	0.2804878048780488	0.036585365853658534	0.012195121951219513	0.2073170731707317
129	129	0.1	0.014285714285714285	0.014285714285714285	0.5	0.1	0.04285714285714286	0.18571428571428572	0.014285714285714285	0.014285714285714285	0.014285714285714285
130	130	0.39814814814814814	0.06481481481481481	0.06481481481481481	0.009259259259259259	0.009259259259259259	0.009259259259259259	0.19444444444444445	0.1388888888888889	0.009259259259259259	0.10185185185185185
131	131	0.019230769230769232	0.25	0.019230769230769232	0.09615384615384616	0.25	0.09615384615384616	0.019230769230769232	0.09615384615384616	0.019230769230769232	0.1346153846153846
132	132	0.015151515151515152	0.015151515151515152	0.19696969696969696	0.25757575757575757	0.07575757575757576	0.015151515151515152	0.10606060606060606	0.25757575757575757	0.015151515151515152	0.045454545454545456
133	133	0.06756756756756757	0.013513513513513514	0.06756756756756757	0.04054054054054054	0.3108108108108108	0.013513513513513514	0.20270270270270271	0.22972972972972974	0.013513513513513514	0.04054054054054054
134	134	0.021739130434782608	0.10869565217391304	0.021739130434782608	0.021739130434782608	0.021739130434782608	0.15217391304347827	0.021739130434782608	0.021739130434782608	0.5869565217391305	0.021739130434782608
135	135	0.012195121951219513	0.012195121951219513	0.13414634146341464	0.10975609756097561	0.012195121951219513	0.08536585365853659	0.012195121951219513	0.18292682926829268	0.4024390243902439	0.036585365853658534
136	136	0.016129032258064516	0.016129032258064516	0.04838709677419355	0.016129032258064516	0.6935483870967742	0.08064516129032258	0.04838709677419355	0.016129032258064516	0.04838709677419355	0.016129032258064516
137	137	0.1	0.02	0.54	0.02	0.06	0.02	0.06	0.02	0.14	0.02
138	138	0.19230769230769232	0.038461538461538464	0.038461538461538464	0.4230769230769231	0.038461538461538464	0.038461538461538464	0.11538461538461539	0.038461538461538464	0.038461538461538464	0.038461538461538464
139	139	0.038461538461538464	0.6538461538461539	0.038461538461538464	0.038461538461538464	0.038461538461538464	0.038461538461538464	0.038461538461538464	0.038461538461538464	0.038461538461538464	0.038461538461538464
140	140	0.015625	0.015625	0.296875	0.078125	0.328125	0.015625	0.015625	0.078125	0.015625	0.140625
141	141	0.01	0.05	0.01	0.25	0.03	0.05	0.53	0.01	0.05	0.01
142	142	0.017857142857142856	0.017857142857142856	0.125	0.125	0.017857142857142856	0.08928571428571429	0.017857142857142856	0.08928571428571429	0.375	0.125
143	143	0.045454545454545456	0.015151515151515152	0.015151515151515152	0.015151515151515152	0.13636363636363635	0.015151515151515152	0.7121212121212122	0.015151515151515152	0.015151515151515152	0.015151515151515152
144	144	0.038461538461538464	0.6538461538461539	0.038461538461538464	0.038461538461538464	0.038461538461538464	0.038461538461538464	0.038461538461538464	0.038461538461538464	0.038461538461538464	0.038461538461538464
145	145	0.1323529411764706	0.014705882352941176	0.014705882352941176	0.10294117647058823	0.014705882352941176	0.04411764705882353	0.39705882352941174	0.014705882352941176	0.04411764705882353	0.22058823529411764
146	146	0.12790697674418605	0.03488372093023256	0.19767441860465115	0.011627906976744186	0.03488372093023256	0.29069767441860467	0.011627906976744186	0.05813953488372093	0.12790697674418605	0.10465116279069768
147	147	0.017857142857142856	0.05357142857142857	0.08928571428571429	0.05357142857142857	0.23214285714285715	0.017857142857142856	0.44642857142857145	0.017857142857142856	0.05357142857142857	0.017857142857142856
148	148	0.038461538461538464	0.6538461538461539	0.038461538461538464	0.038461538461538464	0.038461538461538464	0.038461538461538464	0.038461538461538464	0.038461538461538464	0.038461538461538464	0.038461538461538464
149	149	0.013157894736842105	0.11842105263157894	0.013157894736842105	0.11842105263157894	0.11842105263157894	0.013157894736842105	0.35526315789473684	0.013157894736842105	0.14473684210526316	0.09210526315789473
150	150	0.049019607843137254	0.049019607843137254	0.029411764705882353	0.2647058823529412	0.049019607843137254	0.00980392156862745	0.16666666666666666	0.3627450980392157	0.00980392156862745	0.00980392156862745
151	151	0.008620689655172414	0.04310344827586207	0.07758620689655173	0.008620689655172414	0.16379310344827586	0.11206896551724138	0.02586206896551724	0.25	0.2672413793103448	0.04310344827586207
152	152	0.02	0.06	0.02	0.54	0.02	0.02	0.02	0.02	0.1	0.18
153	153	0.009259259259259259	0.046296296296296294	0.009259259259259259	0.009259259259259259	0.4166666666666667	0.1574074074074074	0.1388888888888889	0.009259259259259259	0.1574074074074074	0.046296296296296294
154	154	0.08333333333333333	0.009259259259259259	0.10185185185185185	0.08333333333333333	0.009259259259259259	0.046296296296296294	0.009259259259259259	0.5833333333333334	0.009259259259259259	0.06481481481481481
155	155	0.022727272727272728	0.06818181818181818	0.022727272727272728	0.022727272727272728	0.022727272727272728	0.06818181818181818	0.06818181818181818	0.6136363636363636	0.06818181818181818	0.022727272727272728
156	156	0.08928571428571429	0.05357142857142857	0.017857142857142856	0.017857142857142856	0.017857142857142856	0.05357142857142857	0.23214285714285715	0.125	0.375	0.017857142857142856
157	157	0.336734693877551	0.030612244897959183	0.11224489795918367	0.07142857142857142	0.09183673469387756	0.05102040816326531	0.25510204081632654	0.030612244897959183	0.01020408163265306	0.01020408163265306
158	158	0.07894736842105263	0.07894736842105263	0.4473684210526316	0.02631578947368421	0.18421052631578946	0.02631578947368421	0.02631578947368421	0.07894736842105263	0.02631578947368421	0.02631578947368421
159	159	0.03125	0.03125	0.03125	0.09375	0.03125	0.03125	0.09375	0.40625	0.15625	0.09375
160	160	0.2976190476190476	0.011904761904761904	0.011904761904761904	0.08333333333333333	0.08333333333333333	0.17857142857142858	0.011904761904761904	0.03571428571428571	0.011904761904761904	0.27380952380952384
161	161	0.16071428571428573	0.017857142857142856	0.05357142857142857	0.3392857142857143	0.017857142857142856	0.017857142857142856	0.08928571428571429	0.23214285714285715	0.017857142857142856	0.05357142857142857
162	162	0.15625	0.03125	0.53125	0.03125	0.09375	0.03125	0.03125	0.03125	0.03125	0.03125
163	163	0.045454545454545456	0.045454545454545456	0.045454545454545456	0.13636363636363635	0.045454545454545456	0.045454545454545456	0.4090909090909091	0.13636363636363635	0.045454545454545456	0.045454545454545456
164	164	0.11363636363636363	0.25	0.022727272727272728	0.06818181818181818	0.25	0.20454545454545456	0.022727272727272728	0.022727272727272728	0.022727272727272728	0.022727272727272728
165	165	0.18421052631578946	0.13157894736842105	0.02631578947368421	0.02631578947368421	0.07894736842105263	0.07894736842105263	0.07894736842105263	0.02631578947368421	0.02631578947368421	0.34210526315789475
166	166	0.03125	0.09375	0.03125	0.21875	0.03125	0.03125	0.15625	0.03125	0.03125	0.34375
167	167	0.3541666666666667	0.0625	0.020833333333333332	0.10416666666666667	0.020833333333333332	0.020833333333333332	0.14583333333333334	0.10416666666666667	0.020833333333333332	0.14583333333333334
168	168	0.013157894736842105	0.06578947368421052	0.013157894736842105	0.14473684210526316	0.14473684210526316	0.09210526315789473	0.4605263157894737	0.013157894736842105	0.039473684210526314	0.013157894736842105
169	169	0.038461538461538464	0.6538461538461539	0.038461538461538464	0.038461538461538464	0.038461538461538464	0.038461538461538464	0.038461538461538464	0.038461538461538464	0.038461538461538464	0.038461538461538464
170	170	0.029411764705882353	0.029411764705882353	0.20588235294117646	0.029411764705882353	0.20588235294117646	0.029411764705882353	0.38235294117647056	0.029411764705882353	0.029411764705882353	0.029411764705882353
171	171	0.03333333333333333	0.03333333333333333	0.3	0.23333333333333334	0.23333333333333334	0.03333333333333333	0.03333333333333333	0.03333333333333333	0.03333333333333333	0.03333333333333333
172	172	0.1	0.06	0.5	0.14	0.02	0.02	0.06	0.02	0.06	0.02
173	173	0.019230769230769232	0.7884615384615384	0.019230769230769232	0.019230769230769232	0.019230769230769232	0.019230769230769232	0.019230769230769232	0.019230769230769232	0.019230769230769232	0.057692307692307696
174	174	0.041666666666666664	0.09722222222222222	0.4583333333333333	0.09722222222222222	0.041666666666666664	0.041666666666666664	0.013888888888888888	0.013888888888888888	0.041666666666666664	0.1527777777777778
175	175	0.013157894736842105	0.013157894736842105	0.039473684210526314	0.06578947368421052	0.5394736842105263	0.039473684210526314	0.09210526315789473	0.013157894736842105	0.039473684210526314	0.14473684210526316
176	176	0.35	0.016666666666666666	0.016666666666666666	0.15	0.016666666666666666	0.21666666666666667	0.15	0.05	0.016666666666666666	0.016666666666666666
177	177	0.1388888888888889	0.027777777777777776	0.027777777777777776	0.027777777777777776	0.027777777777777776	0.027777777777777776	0.6388888888888888	0.027777777777777776	0.027777777777777776	0.027777777777777776
178	178	0.29	0.03	0.01	0.25	0.03	0.07	0.07	0.23	0.01	0.01
179	179	0.24193548387096775	0.016129032258064516	0.016129032258064516	0.24193548387096775	0.016129032258064516	0.016129032258064516	0.3064516129032258	0.04838709677419355	0.016129032258064516	0.08064516129032258
180	180	0.17567567567567569	0.013513513513513514	0.013513513513513514	0.04054054054054054	0.12162162162162163	0.013513513513513514	0.47297297297297297	0.013513513513513514	0.0945945945945946	0.04054054054054054
181	181	0.013513513513513514	0.013513513513513514	0.04054054054054054	0.22972972972972974	0.013513513513513514	0.20270270270270271	0.04054054054054054	0.013513513513513514	0.17567567567567569	0.25675675675675674
182	182	0.025	0.025	0.225	0.025	0.275	0.075	0.125	0.075	0.125	0.025
183	183	0.02631578947368421	0.02631578947368421	0.39473684210526316	0.02631578947368421	0.23684210526315788	0.02631578947368421	0.02631578947368421	0.02631578947368421	0.13157894736842105	0.07894736842105263
184	184	0.023809523809523808	0.2619047619047619	0.07142857142857142	0.023809523809523808	0.16666666666666666	0.07142857142857142	0.07142857142857142	0.023809523809523808	0.023809523809523808	0.2619047619047619
185	185	0.03571428571428571	0.011904761904761904	0.13095238095238096	0.17857142857142858	0.011904761904761904	0.2261904761904762	0.25	0.011904761904761904	0.03571428571428571	0.10714285714285714
186	186	0.025	0.025	0.025	0.225	0.275	0.075	0.075	0.175	0.025	0.075
187	187	0.08928571428571429	0.005952380952380952	0.017857142857142856	0.02976190476190476	0.3273809523809524	0.2916666666666667	0.13690476190476192	0.05357142857142857	0.02976190476190476	0.017857142857142856
188	188	0.03571428571428571	0.03571428571428571	0.32142857142857145	0.39285714285714285	0.03571428571428571	0.03571428571428571	0.03571428571428571	0.03571428571428571	0.03571428571428571	0.03571428571428571
189	189	0.296875	0.015625	0.109375	0.171875	0.015625	0.046875	0.015625	0.109375	0.171875	0.046875
190	190	0.24285714285714285	0.04285714285714286	0.014285714285714285	0.07142857142857142	0.014285714285714285	0.014285714285714285	0.5	0.014285714285714285	0.04285714285714286	0.04285714285714286
191	191	0.08823529411764706	0.14705882352941177	0.029411764705882353	0.029411764705882353	0.029411764705882353	0.08823529411764706	0.38235294117647056	0.029411764705882353	0.029411764705882353	0.14705882352941177
192	192	0.275	0.025	0.025	0.225	0.025	0.025	0.275	0.075	0.025	0.025
193	193	0.013888888888888888	0.013888888888888888	0.013888888888888888	0.1527777777777778	0.3472222222222222	0.013888888888888888	0.3472222222222222	0.041666666666666664	0.041666666666666664	0.013888888888888888
194	194	0.11363636363636363	0.022727272727272728	0.022727272727272728	0.25	0.06818181818181818	0.06818181818181818	0.022727272727272728	0.38636363636363635	0.022727272727272728	0.022727272727272728
195	195	0.041666666666666664	0.041666666666666664	0.2916666666666667	0.125	0.041666666666666664	0.041666666666666664	0.125	0.20833333333333334	0.041666666666666664	0.041666666666666664
196	196	0.21428571428571427	0.07142857142857142	0.04285714285714286	0.21428571428571427	0.07142857142857142	0.2714285714285714	0.014285714285714285	0.04285714285714286	0.04285714285714286	0.014285714285714285
197	197	0.045454545454545456	0.045454545454545456	0.045454545454545456	0.13636363636363635	0.045454545454545456	0.13636363636363635	0.045454545454545456	0.045454545454545456	0.13636363636363635	0.3181818181818182
198	198	0.16666666666666666	0.03333333333333333	0.03333333333333333	0.03333333333333333	0.03333333333333333	0.1	0.43333333333333335	0.03333333333333333	0.1	0.03333333333333333
199	199	0.06944444444444445	0.013888888888888888	0.5138888888888888	0.041666666666666664	0.06944444444444445	0.013888888888888888	0.013888888888888888	0.1527777777777778	0.041666666666666664	0.06944444444444445
200	200	0.007575757575757576	0.12878787878787878	0.08333333333333333	0.09848484848484848	0.007575757575757576	0.14393939393939395	0.4015151515151515	0.06818181818181818	0.007575757575757576	0.05303030303030303
201	201	0.014705882352941176	0.07352941176470588	0.07352941176470588	0.10294117647058823	0.014705882352941176	0.014705882352941176	0.6323529411764706	0.014705882352941176	0.014705882352941176	0.04411764705882353
202	202	0.038461538461538464	0.11538461538461539	0.4230769230769231	0.038461538461538464	0.038461538461538464	0.038461538461538464	0.038461538461538464	0.11538461538461539	0.11538461538461539	0.038461538461538464
203	203	0.056818181818181816	0.011363636363636364	0.011363636363636364	0.375	0.3068181818181818	0.10227272727272728	0.07954545454545454	0.011363636363636364	0.011363636363636364	0.03409090909090909
204	204	0.021739130434782608	0.2391304347826087	0.021739130434782608	0.021739130434782608	0.021739130434782608	0.021739130434782608	0.32608695652173914	0.021739130434782608	0.1956521739130435	0.10869565217391304
205	205	0.17857142857142858	0.02142857142857143	0.007142857142857143	0.16428571428571428	0.12142857142857143	0.02142857142857143	0.30714285714285716	0.06428571428571428	0.07857142857142857	0.03571428571428571
206	206	0.029411764705882353	0.029411764705882353	0.3235294117647059	0.029411764705882353	0.029411764705882353	0.38235294117647056	0.029411764705882353	0.029411764705882353	0.029411764705882353	0.08823529411764706
207	207	0.12790697674418605	0.011627906976744186	0.19767441860465115	0.011627906976744186	0.10465116279069768	0.011627906976744186	0.1511627906976744	0.19767441860465115	0.10465116279069768	0.08139534883720931
208	208	0.08139534883720931	0.011627906976744186	0.05813953488372093	0.19767441860465115	0.1744186046511628	0.011627906976744186	0.011627906976744186	0.011627906976744186	0.1511627906976744	0.29069767441860467
209	209	0.04411764705882353	0.014705882352941176	0.10294117647058823	0.25	0.10294117647058823	0.014705882352941176	0.1323529411764706	0.014705882352941176	0.27941176470588236	0.04411764705882353
210	210	0.020833333333333332	0.020833333333333332	0.0625	0.10416666666666667	0.3125	0.22916666666666666	0.020833333333333332	0.0625	0.14583333333333334	0.020833333333333332
211	211	0.20833333333333334	0.013888888888888888	0.013888888888888888	0.09722222222222222	0.06944444444444445	0.041666666666666664	0.4305555555555556	0.013888888888888888	0.06944444444444445	0.041666666666666664
212	212	0.038461538461538464	0.6538461538461539	0.038461538461538464	0.038461538461538464	0.038461538461538464	0.038461538461538464	0.038461538461538464	0.038461538461538464	0.038461538461538464	0.038461538461538464
213	213	0.014285714285714285	0.07142857142857142	0.014285714285714285	0.21428571428571427	0.15714285714285714	0.014285714285714285	0.35714285714285715	0.04285714285714286	0.014285714285714285	0.1
214	214	0.038461538461538464	0.6538461538461539	0.038461538461538464	0.038461538461538464	0.038461538461538464	0.038461538461538464	0.038461538461538464	0.038461538461538464	0.038461538461538464	0.038461538461538464
215	215	0.007575757575757576	0.05303030303030303	0.007575757575757576	0.17424242424242425	0.06818181818181818	0.007575757575757576	0.5984848484848485	0.007575757575757576	0.05303030303030303	0.022727272727272728
