0	0	0.018518518518518517	0.12962962962962962	0.018518518518518517	0.018518518518518517	0.018518518518518517	0.12962962962962962	0.018518518518518517	0.12962962962962962	0.018518518518518517	0.5
1	1	0.015151515151515152	0.015151515151515152	0.3484848484848485	0.015151515151515152	0.2878787878787879	0.045454545454545456	0.045454545454545456	0.045454545454545456	0.07575757575757576	0.10606060606060606
2	2	0.01282051282051282	0.038461538461538464	0.01282051282051282	0.01282051282051282	0.19230769230769232	0.038461538461538464	0.08974358974358974	0.16666666666666666	0.3974358974358974	0.038461538461538464
3	3	0.011363636363636364	0.17045454545454544	0.10227272727272728	0.011363636363636364	0.3977272727272727	0.011363636363636364	0.011363636363636364	0.10227272727272728	0.07954545454545454	0.10227272727272728
4	4	0.013157894736842105	0.013157894736842105	0.013157894736842105	0.14473684210526316	0.14473684210526316	0.013157894736842105	0.039473684210526314	0.013157894736842105	0.013157894736842105	0.5921052631578947
5	5	0.023809523809523808	0.16666666666666666	0.023809523809523808	0.11904761904761904	0.30952380952380953	0.023809523809523808	0.023809523809523808	0.2619047619047619	0.023809523809523808	0.023809523809523808
6	6	0.014705882352941176	0.04411764705882353	0.014705882352941176	0.22058823529411764	0.4264705882352941	0.04411764705882353	0.04411764705882353	0.014705882352941176	0.014705882352941176	0.16176470588235295
7	7	0.01282051282051282	0.038461538461538464	0.14102564102564102	0.08974358974358974	0.01282051282051282	0.11538461538461539	0.038461538461538464	0.44871794871794873	0.0641025641025641	0.038461538461538464
8	8	0.03125	0.03125	0.21875	0.03125	0.03125	0.03125	0.09375	0.46875	0.03125	0.03125
9	9	0.015625	0.015625	0.015625	0.546875	0.109375	0.015625	0.140625	0.015625	0.015625	0.109375
10	10	0.016666666666666666	0.016666666666666666	0.11666666666666667	0.016666666666666666	0.15	0.05	0.11666666666666667	0.016666666666666666	0.2833333333333333	0.21666666666666667
11	11	0.04838709677419355	0.08064516129032258	0.016129032258064516	0.11290322580645161	0.20967741935483872	0.016129032258064516	0.016129032258064516	0.3709677419354839	0.11290322580645161	0.016129032258064516
12	12	0.013157894736842105	0.039473684210526314	0.14473684210526316	0.27631578947368424	0.013157894736842105	0.06578947368421052	0.06578947368421052	0.19736842105263158	0.17105263157894737	0.013157894736842105
13	13	0.02	0.02	0.02	0.26	0.06	0.02	0.14	0.02	0.38	0.06
14	14	0.015625	0.015625	0.015625	0.015625	0.015625	0.671875	0.015625	0.015625	0.078125	0.140625
15	15	0.21428571428571427	0.07142857142857142	0.07142857142857142	0.21428571428571427	0.07142857142857142	0.07142857142857142	0.07142857142857142	0.07142857142857142	0.07142857142857142	0.07142857142857142
16	16	0.007692307692307693	0.05384615384615385	0.007692307692307693	0.007692307692307693	0.1	0.007692307692307693	0.25384615384615383	0.007692307692307693	0.3769230769230769	0.17692307692307693
17	17	0.12962962962962962	0.05555555555555555	0.05555555555555555	0.2777777777777778	0.018518518518518517	0.018518518518518517	0.24074074074074073	0.018518518518518517	0.018518518518518517	0.16666666666666666
18	18	0.016129032258064516	0.016129032258064516	0.016129032258064516	0.016129032258064516	0.24193548387096775	0.016129032258064516	0.1774193548387097	0.3064516129032258	0.1774193548387097	0.016129032258064516
19	19	0.015625	0.015625	0.046875	0.640625	0.015625	0.015625	0.078125	0.046875	0.015625	0.109375
20	20	0.05	0.05	0.05	0.05	0.05	0.05	0.15	0.25	0.25	0.05
21	21	0.016129032258064516	0.04838709677419355	0.016129032258064516	0.532258064516129	0.016129032258064516	0.14516129032258066	0.016129032258064516	0.016129032258064516	0.016129032258064516	0.1774193548387097
22	22	0.015625	0.046875	0.015625	0.578125	0.078125	0.140625	0.015625	0.015625	0.015625	0.078125
23	23	0.013888888888888888	0.041666666666666664	0.013888888888888888	0.2638888888888889	0.2638888888888889	0.041666666666666664	0.013888888888888888	0.3194444444444444	0.013888888888888888	0.013888888888888888
24	24	0.30833333333333335	0.008333333333333333	0.041666666666666664	0.025	0.041666666666666664	0.24166666666666667	0.008333333333333333	0.008333333333333333	0.075	0.24166666666666667
25	25	0.16666666666666666	0.03333333333333333	0.1	0.03333333333333333	0.43333333333333335	0.03333333333333333	0.03333333333333333	0.03333333333333333	0.1	0.03333333333333333
26	26	0.014705882352941176	0.014705882352941176	0.5147058823529411	0.014705882352941176	0.27941176470588236	0.014705882352941176	0.014705882352941176	0.04411764705882353	0.07352941176470588	0.014705882352941176
27	27	0.011904761904761904	0.011904761904761904	0.011904761904761904	0.011904761904761904	0.05952380952380952	0.011904761904761904	0.7261904761904762	0.08333333333333333	0.011904761904761904	0.05952380952380952
28	28	0.03571428571428571	0.03571428571428571	0.03571428571428571	0.32142857142857145	0.03571428571428571	0.10714285714285714	0.17857142857142858	0.17857142857142858	0.03571428571428571	0.03571428571428571
29	29	0.08974358974358974	0.01282051282051282	0.01282051282051282	0.16666666666666666	0.01282051282051282	0.16666666666666666	0.038461538461538464	0.0641025641025641	0.038461538461538464	0.3974358974358974
30	30	0.029411764705882353	0.00980392156862745	0.00980392156862745	0.18627450980392157	0.00980392156862745	0.00980392156862745	0.24509803921568626	0.029411764705882353	0.00980392156862745	0.46078431372549017
31	31	0.21641791044776118	0.022388059701492536	0.03731343283582089	0.4701492537313433	0.03731343283582089	0.05223880597014925	0.007462686567164179	0.007462686567164179	0.007462686567164179	0.1417910447761194
32	32	0.03125	0.03125	0.09375	0.09375	0.03125	0.03125	0.09375	0.53125	0.03125	0.03125
33	33	0.29310344827586204	0.017241379310344827	0.15517241379310345	0.08620689655172414	0.22413793103448276	0.017241379310344827	0.017241379310344827	0.08620689655172414	0.08620689655172414	0.017241379310344827
34	34	0.038461538461538464	0.038461538461538464	0.038461538461538464	0.038461538461538464	0.038461538461538464	0.038461538461538464	0.6538461538461539	0.038461538461538464	0.038461538461538464	0.038461538461538464
35	35	0.03333333333333333	0.011111111111111112	0.05555555555555555	0.36666666666666664	0.16666666666666666	0.011111111111111112	0.1	0.23333333333333334	0.011111111111111112	0.011111111111111112
36	36	0.011111111111111112	0.03333333333333333	0.03333333333333333	0.05555555555555555	0.5	0.25555555555555554	0.07777777777777778	0.011111111111111112	0.011111111111111112	0.011111111111111112
37	37	0.027777777777777776	0.027777777777777776	0.027777777777777776	0.027777777777777776	0.3055555555555556	0.027777777777777776	0.027777777777777776	0.4722222222222222	0.027777777777777776	0.027777777777777776
38	38	0.038461538461538464	0.038461538461538464	0.038461538461538464	0.6538461538461539	0.038461538461538464	0.038461538461538464	0.038461538461538464	0.038461538461538464	0.038461538461538464	0.038461538461538464
39	39	0.08333333333333333	0.19444444444444445	0.027777777777777776	0.3055555555555556	0.1388888888888889	0.027777777777777776	0.027777777777777776	0.027777777777777776	0.027777777777777776	0.1388888888888889
40	40	0.04838709677419355	0.016129032258064516	0.016129032258064516	0.04838709677419355	0.3064516129032258	0.43548387096774194	0.016129032258064516	0.016129032258064516	0.04838709677419355	0.04838709677419355
41	41	0.018518518518518517	0.05555555555555555	0.018518518518518517	0.16666666666666666	0.2777777777777778	0.05555555555555555	0.018518518518518517	0.24074074074074073	0.018518518518518517	0.12962962962962962
42	42	0.021739130434782608	0.021739130434782608	0.021739130434782608	0.2826086956521739	0.2826086956521739	0.15217391304347827	0.06521739130434782	0.10869565217391304	0.021739130434782608	0.021739130434782608
43	43	0.010416666666666666	0.010416666666666666	0.010416666666666666	0.010416666666666666	0.010416666666666666	0.03125	0.17708333333333334	0.010416666666666666	0.23958333333333334	0.4895833333333333
44	44	0.3026315789473684	0.039473684210526314	0.06578947368421052	0.013157894736842105	0.039473684210526314	0.013157894736842105	0.06578947368421052	0.09210526315789473	0.013157894736842105	0.35526315789473684
45	45	0.038461538461538464	0.038461538461538464	0.038461538461538464	0.038461538461538464	0.038461538461538464	0.038461538461538464	0.6538461538461539	0.038461538461538464	0.038461538461538464	0.038461538461538464
46	46	0.05172413793103448	0.05172413793103448	0.05172413793103448	0.43103448275862066	0.1896551724137931	0.1206896551724138	0.017241379310344827	0.017241379310344827	0.05172413793103448	0.017241379310344827
47	47	0.02631578947368421	0.07894736842105263	0.02631578947368421	0.4473684210526316	0.02631578947368421	0.07894736842105263	0.23684210526315788	0.02631578947368421	0.02631578947368421	0.02631578947368421
48	48	0.08333333333333333	0.016666666666666666	0.08333333333333333	0.48333333333333334	0.11666666666666667	0.016666666666666666	0.05	0.08333333333333333	0.016666666666666666	0.05
49	49	0.011904761904761904	0.011904761904761904	0.05952380952380952	0.32142857142857145	0.011904761904761904	0.011904761904761904	0.011904761904761904	0.011904761904761904	0.08333333333333333	0.4642857142857143
50	50	0.06521739130434782	0.021739130434782608	0.06521739130434782	0.06521739130434782	0.10869565217391304	0.021739130434782608	0.021739130434782608	0.10869565217391304	0.45652173913043476	0.06521739130434782
51	51	0.017857142857142856	0.017857142857142856	0.05357142857142857	0.23214285714285715	0.017857142857142856	0.017857142857142856	0.017857142857142856	0.375	0.05357142857142857	0.19642857142857142
52	52	0.10975609756097561	0.10975609756097561	0.036585365853658534	0.5	0.036585365853658534	0.012195121951219513	0.08536585365853659	0.012195121951219513	0.08536585365853659	0.012195121951219513
53	53	0.02	0.02	0.02	0.06	0.1	0.22	0.22	0.02	0.14	0.18
54	54	0.016666666666666666	0.016666666666666666	0.016666666666666666	0.05	0.15	0.05	0.016666666666666666	0.6166666666666667	0.05	0.016666666666666666
55	55	0.05	0.05	0.05	0.05	0.55	0.05	0.05	0.05	0.05	0.05
56	56	0.038461538461538464	0.038461538461538464	0.038461538461538464	0.038461538461538464	0.038461538461538464	0.038461538461538464	0.6538461538461539	0.038461538461538464	0.038461538461538464	0.038461538461538464
57	57	0.013888888888888888	0.041666666666666664	0.125	0.09722222222222222	0.013888888888888888	0.041666666666666664	0.09722222222222222	0.375	0.18055555555555555	0.013888888888888888
58	58	0.014705882352941176	0.07352941176470588	0.014705882352941176	0.3382352941176471	0.1323529411764706	0.16176470588235295	0.22058823529411764	0.014705882352941176	0.014705882352941176	0.014705882352941176
59	59	0.07142857142857142	0.07142857142857142	0.21428571428571427	0.07142857142857142	0.21428571428571427	0.07142857142857142	0.07142857142857142	0.07142857142857142	0.07142857142857142	0.07142857142857142
60	60	0.03125	0.03125	0.03125	0.65625	0.03125	0.09375	0.03125	0.03125	0.03125	0.03125
61	61	0.05	0.05	0.08333333333333333	0.11666666666666667	0.18333333333333332	0.05	0.08333333333333333	0.016666666666666666	0.25	0.11666666666666667
62	62	0.27941176470588236	0.014705882352941176	0.25	0.04411764705882353	0.014705882352941176	0.25	0.014705882352941176	0.014705882352941176	0.04411764705882353	0.07352941176470588
63	63	0.03571428571428571	0.25	0.03571428571428571	0.03571428571428571	0.03571428571428571	0.03571428571428571	0.17857142857142858	0.03571428571428571	0.03571428571428571	0.32142857142857145
64	64	0.029411764705882353	0.029411764705882353	0.08823529411764706	0.20588235294117646	0.14705882352941177	0.08823529411764706	0.08823529411764706	0.029411764705882353	0.14705882352941177	0.14705882352941177
65	65	0.07142857142857142	0.023809523809523808	0.023809523809523808	0.16666666666666666	0.07142857142857142	0.023809523809523808	0.07142857142857142	0.2619047619047619	0.21428571428571427	0.07142857142857142
66	66	0.13636363636363635	0.045454545454545456	0.3181818181818182	0.13636363636363635	0.045454545454545456	0.13636363636363635	0.045454545454545456	0.045454545454545456	0.045454545454545456	0.045454545454545456
67	67	0.075	0.025	0.025	0.225	0.025	0.125	0.075	0.025	0.025	0.375
68	68	0.038461538461538464	0.19230769230769232	0.038461538461538464	0.11538461538461539	0.038461538461538464	0.038461538461538464	0.038461538461538464	0.34615384615384615	0.038461538461538464	0.11538461538461539
69	69	0.016129032258064516	0.016129032258064516	0.04838709677419355	0.08064516129032258	0.43548387096774194	0.08064516129032258	0.08064516129032258	0.20967741935483872	0.016129032258064516	0.016129032258064516
70	70	0.15476190476190477	0.13095238095238096	0.011904761904761904	0.011904761904761904	0.08333333333333333	0.03571428571428571	0.03571428571428571	0.011904761904761904	0.03571428571428571	0.4880952380952381
71	71	0.041666666666666664	0.013888888888888888	0.06944444444444445	0.625	0.06944444444444445	0.013888888888888888	0.013888888888888888	0.013888888888888888	0.041666666666666664	0.09722222222222222
72	72	0.01282051282051282	0.038461538461538464	0.01282051282051282	0.038461538461538464	0.2692307692307692	0.0641025641025641	0.01282051282051282	0.47435897435897434	0.0641025641025641	0.01282051282051282
73	73	0.011904761904761904	0.10714285714285714	0.05952380952380952	0.05952380952380952	0.011904761904761904	0.08333333333333333	0.011904761904761904	0.25	0.36904761904761907	0.03571428571428571
74	74	0.038461538461538464	0.08974358974358974	0.08974358974358974	0.21794871794871795	0.01282051282051282	0.0641025641025641	0.01282051282051282	0.038461538461538464	0.01282051282051282	0.4230769230769231
75	75	0.016666666666666666	0.05	0.05	0.35	0.016666666666666666	0.08333333333333333	0.08333333333333333	0.016666666666666666	0.11666666666666667	0.21666666666666667
76	76	0.00980392156862745	0.3235294117647059	0.00980392156862745	0.4215686274509804	0.12745098039215685	0.00980392156862745	0.00980392156862745	0.00980392156862745	0.06862745098039216	0.00980392156862745
77	77	0.0641025641025641	0.01282051282051282	0.08974358974358974	0.3717948717948718	0.01282051282051282	0.038461538461538464	0.038461538461538464	0.24358974358974358	0.01282051282051282	0.11538461538461539
78	78	0.019230769230769232	0.019230769230769232	0.019230769230769232	0.1346153846153846	0.28846153846153844	0.019230769230769232	0.17307692307692307	0.17307692307692307	0.09615384615384616	0.057692307692307696
79	79	0.038461538461538464	0.038461538461538464	0.038461538461538464	0.038461538461538464	0.038461538461538464	0.038461538461538464	0.6538461538461539	0.038461538461538464	0.038461538461538464	0.038461538461538464
80	80	0.045454545454545456	0.045454545454545456	0.045454545454545456	0.5909090909090909	0.045454545454545456	0.045454545454545456	0.045454545454545456	0.045454545454545456	0.045454545454545456	0.045454545454545456
81	81	0.017241379310344827	0.25862068965517243	0.1896551724137931	0.017241379310344827	0.1206896551724138	0.1896551724137931	0.05172413793103448	0.05172413793103448	0.017241379310344827	0.08620689655172414
82	82	0.038461538461538464	0.038461538461538464	0.038461538461538464	0.038461538461538464	0.038461538461538464	0.038461538461538464	0.6538461538461539	0.038461538461538464	0.038461538461538464	0.038461538461538464
83	83	0.10606060606060606	0.015151515151515152	0.015151515151515152	0.3484848484848485	0.10606060606060606	0.015151515151515152	0.015151515151515152	0.10606060606060606	0.015151515151515152	0.25757575757575757
84	84	0.33088235294117646	0.03676470588235294	0.0661764705882353	0.33088235294117646	0.11029411764705882	0.007352941176470588	0.007352941176470588	0.007352941176470588	0.09558823529411764	0.007352941176470588
85	85	0.02	0.14	0.02	0.02	0.18	0.02	0.02	0.02	0.1	0.46
86	86	0.038461538461538464	0.038461538461538464	0.038461538461538464	0.038461538461538464	0.19230769230769232	0.038461538461538464	0.038461538461538464	0.4230769230769231	0.038461538461538464	0.11538461538461539
87	87	0.07894736842105263	0.02631578947368421	0.18421052631578946	0.39473684210526316	0.02631578947368421	0.02631578947368421	0.07894736842105263	0.07894736842105263	0.07894736842105263	0.02631578947368421
88	88	0.03125	0.03125	0.40625	0.03125	0.03125	0.15625	0.03125	0.03125	0.03125	0.21875
89	89	0.03409090909090909	0.011363636363636364	0.011363636363636364	0.4431818181818182	0.19318181818181818	0.125	0.07954545454545454	0.011363636363636364	0.011363636363636364	0.07954545454545454
90	90	0.008333333333333333	0.008333333333333333	0.44166666666666665	0.225	0.15833333333333333	0.058333333333333334	0.008333333333333333	0.025	0.041666666666666664	0.025
91	91	0.03488372093023256	0.03488372093023256	0.03488372093023256	0.011627906976744186	0.03488372093023256	0.08139534883720931	0.05813953488372093	0.45348837209302323	0.22093023255813954	0.03488372093023256
92	92	0.016666666666666666	0.016666666666666666	0.016666666666666666	0.016666666666666666	0.21666666666666667	0.016666666666666666	0.016666666666666666	0.016666666666666666	0.016666666666666666	0.65
93	93	0.025	0.075	0.075	0.025	0.025	0.075	0.075	0.425	0.125	0.075
94	94	0.010869565217391304	0.07608695652173914	0.010869565217391304	0.07608695652173914	0.2717391304347826	0.4673913043478261	0.010869565217391304	0.05434782608695652	0.010869565217391304	0.010869565217391304
95	95	0.018518518518518517	0.05555555555555555	0.05555555555555555	0.6111111111111112	0.018518518518518517	0.018518518518518517	0.018518518518518517	0.018518518518518517	0.018518518518518517	0.16666666666666666
96	96	0.03333333333333333	0.03333333333333333	0.1	0.16666666666666666	0.1	0.3	0.03333333333333333	0.03333333333333333	0.03333333333333333	0.16666666666666666
97	97	0.15	0.05	0.05	0.05	0.05	0.05	0.45	0.05	0.05	0.05
98	98	0.05	0.016666666666666666	0.08333333333333333	0.35	0.2833333333333333	0.016666666666666666	0.016666666666666666	0.15	0.016666666666666666	0.016666666666666666
99	99	0.027777777777777776	0.027777777777777776	0.027777777777777776	0.4166666666666667	0.027777777777777776	0.027777777777777776	0.027777777777777776	0.027777777777777776	0.027777777777777776	0.3611111111111111
100	100	0.08333333333333333	0.08333333333333333	0.027777777777777776	0.027777777777777776	0.08333333333333333	0.027777777777777776	0.027777777777777776	0.5833333333333334	0.027777777777777776	0.027777777777777776
101	101	0.02	0.02	0.02	0.26	0.14	0.02	0.1	0.02	0.02	0.38
102	102	0.025	0.025	0.075	0.375	0.225	0.025	0.025	0.075	0.025	0.125
103	103	0.027777777777777776	0.08333333333333333	0.027777777777777776	0.5833333333333334	0.1388888888888889	0.027777777777777776	0.027777777777777776	0.027777777777777776	0.027777777777777776	0.027777777777777776
104	104	0.041666666666666664	0.041666666666666664	0.041666666666666664	0.625	0.041666666666666664	0.041666666666666664	0.041666666666666664	0.041666666666666664	0.041666666666666664	0.041666666666666664
105	105	0.07575757575757576	0.015151515151515152	0.07575757575757576	0.19696969696969696	0.045454545454545456	0.015151515151515152	0.015151515151515152	0.5	0.045454545454545456	0.015151515151515152
106	106	0.057692307692307696	0.019230769230769232	0.057692307692307696	0.019230769230769232	0.057692307692307696	0.019230769230769232	0.6346153846153846	0.019230769230769232	0.09615384615384616	0.019230769230769232
107	107	0.01282051282051282	0.01282051282051282	0.01282051282051282	0.01282051282051282	0.14102564102564102	0.01282051282051282	0.01282051282051282	0.01282051282051282	0.34615384615384615	0.4230769230769231
108	108	0.008928571428571428	0.15178571428571427	0.1875	0.026785714285714284	0.008928571428571428	0.45535714285714285	0.008928571428571428	0.008928571428571428	0.044642857142857144	0.09821428571428571
109	109	0.014705882352941176	0.014705882352941176	0.27941176470588236	0.014705882352941176	0.07352941176470588	0.014705882352941176	0.014705882352941176	0.10294117647058823	0.45588235294117646	0.014705882352941176
110	110	0.038461538461538464	0.038461538461538464	0.038461538461538464	0.038461538461538464	0.038461538461538464	0.038461538461538464	0.6538461538461539	0.038461538461538464	0.038461538461538464	0.038461538461538464
111	111	0.038461538461538464	0.038461538461538464	0.038461538461538464	0.038461538461538464	0.038461538461538464	0.038461538461538464	0.6538461538461539	0.038461538461538464	0.038461538461538464	0.038461538461538464
112	112	0.010638297872340425	0.010638297872340425	0.09574468085106383	0.5638297872340425	0.010638297872340425	0.13829787234042554	0.09574468085106383	0.05319148936170213	0.010638297872340425	0.010638297872340425
113	113	0.01020408163265306	0.01020408163265306	0.01020408163265306	0.25510204081632654	0.23469387755102042	0.030612244897959183	0.01020408163265306	0.23469387755102042	0.07142857142857142	0.1326530612244898
114	114	0.011627906976744186	0.19767441860465115	0.011627906976744186	0.5697674418604651	0.011627906976744186	0.011627906976744186	0.011627906976744186	0.011627906976744186	0.011627906976744186	0.1511627906976744
115	115	0.14516129032258066	0.04838709677419355	0.04838709677419355	0.016129032258064516	0.4032258064516129	0.08064516129032258	0.016129032258064516	0.04838709677419355	0.016129032258064516	0.1774193548387097
116	116	0.11538461538461539	0.11538461538461539	0.038461538461538464	0.34615384615384615	0.038461538461538464	0.038461538461538464	0.11538461538461539	0.038461538461538464	0.11538461538461539	0.038461538461538464
117	117	0.03333333333333333	0.03333333333333333	0.03333333333333333	0.3	0.03333333333333333	0.03333333333333333	0.03333333333333333	0.16666666666666666	0.3	0.03333333333333333
118	118	0.03409090909090909	0.03409090909090909	0.07954545454545454	0.32954545454545453	0.19318181818181818	0.056818181818181816	0.23863636363636365	0.011363636363636364	0.011363636363636364	0.011363636363636364
119	119	0.017857142857142856	0.05357142857142857	0.017857142857142856	0.017857142857142856	0.125	0.08928571428571429	0.16071428571428573	0.017857142857142856	0.017857142857142856	0.48214285714285715
120	120	0.03488372093023256	0.011627906976744186	0.011627906976744186	0.6395348837209303	0.03488372093023256	0.1511627906976744	0.03488372093023256	0.03488372093023256	0.03488372093023256	0.011627906976744186
121	121	0.0625	0.0625	0.020833333333333332	0.020833333333333332	0.22916666666666666	0.020833333333333332	0.0625	0.10416666666666667	0.020833333333333332	0.3958333333333333
122	122	0.038461538461538464	0.038461538461538464	0.038461538461538464	0.038461538461538464	0.038461538461538464	0.038461538461538464	0.6538461538461539	0.038461538461538464	0.038461538461538464	0.038461538461538464
123	123	0.010416666666666666	0.11458333333333333	0.052083333333333336	0.4479166666666667	0.052083333333333336	0.010416666666666666	0.010416666666666666	0.010416666666666666	0.010416666666666666	0.28125
124	124	0.03333333333333333	0.03333333333333333	0.03333333333333333	0.03333333333333333	0.23333333333333334	0.1	0.03333333333333333	0.43333333333333335	0.03333333333333333	0.03333333333333333
125	125	0.07446808510638298	0.010638297872340425	0.05319148936170213	0.3723404255319149	0.010638297872340425	0.39361702127659576	0.010638297872340425	0.031914893617021274	0.031914893617021274	0.010638297872340425
126	126	0.021739130434782608	0.021739130434782608	0.021739130434782608	0.021739130434782608	0.2391304347826087	0.15217391304347827	0.021739130434782608	0.021739130434782608	0.45652173913043476	0.021739130434782608
127	127	0.04838709677419355	0.016129032258064516	0.016129032258064516	0.11290322580645161	0.11290322580645161	0.04838709677419355	0.016129032258064516	0.3387096774193548	0.24193548387096775	0.04838709677419355
128	128	0.08536585365853659	0.012195121951219513	0.08536585365853659	0.524390243902439	0.012195121951219513	0.08536585365853659	0.08536585365853659	0.036585365853658534	0.012195121951219513	0.06097560975609756
129	129	0.014285714285714285	0.014285714285714285	0.07142857142857142	0.6714285714285714	0.04285714285714286	0.014285714285714285	0.014285714285714285	0.014285714285714285	0.014285714285714285	0.12857142857142856
130	130	0.027777777777777776	0.009259259259259259	0.027777777777777776	0.19444444444444445	0.49074074074074076	0.1388888888888889	0.009259259259259259	0.08333333333333333	0.009259259259259259	0.009259259259259259
131	131	0.057692307692307696	0.057692307692307696	0.019230769230769232	0.019230769230769232	0.21153846153846154	0.1346153846153846	0.3269230769230769	0.057692307692307696	0.019230769230769232	0.09615384615384616
132	132	0.015151515151515152	0.25757575757575757	0.015151515151515152	0.25757575757575757	0.19696969696969696	0.015151515151515152	0.045454545454545456	0.16666666666666666	0.015151515151515152	0.015151515151515152
133	133	0.0945945945945946	0.20270270270270271	0.013513513513513514	0.44594594594594594	0.0945945945945946	0.04054054054054054	0.013513513513513514	0.04054054054054054	0.04054054054054054	0.013513513513513514
134	134	0.021739130434782608	0.021739130434782608	0.06521739130434782	0.021739130434782608	0.1956521739130435	0.021739130434782608	0.06521739130434782	0.15217391304347827	0.3695652173913043	0.06521739130434782
135	135	0.08536585365853659	0.012195121951219513	0.08536585365853659	0.012195121951219513	0.10975609756097561	0.036585365853658534	0.012195121951219513	0.4024390243902439	0.23170731707317074	0.012195121951219513
136	136	0.04838709677419355	0.04838709677419355	0.24193548387096775	0.04838709677419355	0.04838709677419355	0.016129032258064516	0.016129032258064516	0.04838709677419355	0.04838709677419355	0.43548387096774194
137	137	0.02	0.02	0.02	0.02	0.26	0.06	0.1	0.46	0.02	0.02
138	138	0.11538461538461539	0.038461538461538464	0.038461538461538464	0.2692307692307692	0.19230769230769232	0.11538461538461539	0.11538461538461539	0.038461538461538464	0.038461538461538464	0.038461538461538464
139	139	0.038461538461538464	0.038461538461538464	0.038461538461538464	0.038461538461538464	0.038461538461538464	0.038461538461538464	0.6538461538461539	0.038461538461538464	0.038461538461538464	0.038461538461538464
140	140	0.015625	0.046875	0.015625	0.078125	0.203125	0.109375	0.015625	0.140625	0.046875	0.328125
141	141	0.09	0.01	0.03	0.65	0.09	0.01	0.03	0.03	0.03	0.03
142	142	0.017857142857142856	0.017857142857142856	0.125	0.16071428571428573	0.125	0.017857142857142856	0.017857142857142856	0.375	0.05357142857142857	0.08928571428571429
143	143	0.015151515151515152	0.07575757575757576	0.015151515151515152	0.4090909090909091	0.015151515151515152	0.045454545454545456	0.015151515151515152	0.015151515151515152	0.015151515151515152	0.3787878787878788
144	144	0.038461538461538464	0.038461538461538464	0.038461538461538464	0.038461538461538464	0.038461538461538464	0.038461538461538464	0.6538461538461539	0.038461538461538464	0.038461538461538464	0.038461538461538464
145	145	0.22058823529411764	0.014705882352941176	0.04411764705882353	0.39705882352941174	0.014705882352941176	0.04411764705882353	0.16176470588235295	0.014705882352941176	0.04411764705882353	0.04411764705882353
146	146	0.011627906976744186	0.1511627906976744	0.03488372093023256	0.011627906976744186	0.2441860465116279	0.05813953488372093	0.05813953488372093	0.19767441860465115	0.22093023255813954	0.011627906976744186
147	147	0.017857142857142856	0.017857142857142856	0.05357142857142857	0.5535714285714286	0.017857142857142856	0.017857142857142856	0.017857142857142856	0.05357142857142857	0.017857142857142856	0.23214285714285715
148	148	0.038461538461538464	0.11538461538461539	0.038461538461538464	0.038461538461538464	0.038461538461538464	0.038461538461538464	0.5769230769230769	0.038461538461538464	0.038461538461538464	0.038461538461538464
149	149	0.013157894736842105	0.013157894736842105	0.06578947368421052	0.27631578947368424	0.06578947368421052	0.013157894736842105	0.09210526315789473	0.013157894736842105	0.19736842105263158	0.25
150	150	0.16666666666666666	0.10784313725490197	0.00980392156862745	0.38235294117647056	0.14705882352941177	0.049019607843137254	0.08823529411764706	0.00980392156862745	0.00980392156862745	0.029411764705882353
151	151	0.008620689655172414	0.21551724137931033	0.0603448275862069	0.008620689655172414	0.19827586206896552	0.008620689655172414	0.02586206896551724	0.1810344827586207	0.28448275862068967	0.008620689655172414
152	152	0.06	0.02	0.06	0.5	0.18	0.02	0.02	0.02	0.06	0.06
153	153	0.10185185185185185	0.009259259259259259	0.23148148148148148	0.1574074074074074	0.009259259259259259	0.027777777777777776	0.009259259259259259	0.009259259259259259	0.12037037037037036	0.32407407407407407
154	154	0.08333333333333333	0.4537037037037037	0.009259259259259259	0.009259259259259259	0.3611111111111111	0.009259259259259259	0.027777777777777776	0.027777777777777776	0.009259259259259259	0.009259259259259259
155	155	0.022727272727272728	0.75	0.022727272727272728	0.022727272727272728	0.06818181818181818	0.022727272727272728	0.022727272727272728	0.022727272727272728	0.022727272727272728	0.022727272727272728
156	156	0.017857142857142856	0.08928571428571429	0.017857142857142856	0.017857142857142856	0.23214285714285715	0.05357142857142857	0.017857142857142856	0.125	0.3392857142857143	0.08928571428571429
157	157	0.030612244897959183	0.01020408163265306	0.01020408163265306	0.29591836734693877	0.21428571428571427	0.3979591836734694	0.01020408163265306	0.01020408163265306	0.01020408163265306	0.01020408163265306
158	158	0.02631578947368421	0.13157894736842105	0.18421052631578946	0.02631578947368421	0.02631578947368421	0.02631578947368421	0.07894736842105263	0.34210526315789475	0.02631578947368421	0.13157894736842105
159	159	0.28125	0.03125	0.03125	0.46875	0.03125	0.03125	0.03125	0.03125	0.03125	0.03125
160	160	0.20238095238095238	0.011904761904761904	0.34523809523809523	0.08333333333333333	0.2261904761904762	0.03571428571428571	0.05952380952380952	0.011904761904761904	0.011904761904761904	0.011904761904761904
161	161	0.017857142857142856	0.017857142857142856	0.05357142857142857	0.125	0.48214285714285715	0.017857142857142856	0.05357142857142857	0.05357142857142857	0.017857142857142856	0.16071428571428573
162	162	0.09375	0.03125	0.09375	0.03125	0.03125	0.03125	0.03125	0.59375	0.03125	0.03125
163	163	0.13636363636363635	0.045454545454545456	0.045454545454545456	0.3181818181818182	0.045454545454545456	0.045454545454545456	0.045454545454545456	0.13636363636363635	0.13636363636363635	0.045454545454545456
164	164	0.022727272727272728	0.022727272727272728	0.022727272727272728	0.1590909090909091	0.1590909090909091	0.022727272727272728	0.20454545454545456	0.022727272727272728	0.022727272727272728	0.3409090909090909
165	165	0.02631578947368421	0.18421052631578946	0.07894736842105263	0.07894736842105263	0.02631578947368421	0.2894736842105263	0.02631578947368421	0.13157894736842105	0.02631578947368421	0.13157894736842105
166	166	0.09375	0.03125	0.03125	0.28125	0.15625	0.09375	0.03125	0.15625	0.09375	0.03125
167	167	0.0625	0.0625	0.020833333333333332	0.3958333333333333	0.22916666666666666	0.10416666666666667	0.0625	0.020833333333333332	0.020833333333333332	0.020833333333333332
168	168	0.039473684210526314	0.039473684210526314	0.013157894736842105	0.5921052631578947	0.039473684210526314	0.013157894736842105	0.17105263157894737	0.013157894736842105	0.06578947368421052	0.013157894736842105
169	169	0.038461538461538464	0.038461538461538464	0.038461538461538464	0.038461538461538464	0.038461538461538464	0.038461538461538464	0.6538461538461539	0.038461538461538464	0.038461538461538464	0.038461538461538464
170	170	0.029411764705882353	0.029411764705882353	0.029411764705882353	0.4411764705882353	0.029411764705882353	0.029411764705882353	0.029411764705882353	0.2647058823529412	0.029411764705882353	0.08823529411764706
171	171	0.1	0.16666666666666666	0.1	0.3	0.03333333333333333	0.03333333333333333	0.03333333333333333	0.1	0.03333333333333333	0.1
172	172	0.02	0.06	0.02	0.02	0.14	0.06	0.02	0.58	0.06	0.02
173	173	0.019230769230769232	0.019230769230769232	0.019230769230769232	0.057692307692307696	0.019230769230769232	0.019230769230769232	0.75	0.057692307692307696	0.019230769230769232	0.019230769230769232
174	174	0.013888888888888888	0.013888888888888888	0.013888888888888888	0.06944444444444445	0.2361111111111111	0.09722222222222222	0.06944444444444445	0.4583333333333333	0.013888888888888888	0.013888888888888888
175	175	0.013157894736842105	0.013157894736842105	0.19736842105263158	0.013157894736842105	0.09210526315789473	0.013157894736842105	0.013157894736842105	0.039473684210526314	0.013157894736842105	0.5921052631578947
176	176	0.15	0.08333333333333333	0.016666666666666666	0.15	0.18333333333333332	0.11666666666666667	0.18333333333333332	0.016666666666666666	0.08333333333333333	0.016666666666666666
177	177	0.027777777777777776	0.027777777777777776	0.027777777777777776	0.6388888888888888	0.027777777777777776	0.08333333333333333	0.08333333333333333	0.027777777777777776	0.027777777777777776	0.027777777777777776
178	178	0.01	0.13	0.17	0.25	0.07	0.17	0.01	0.01	0.01	0.17
179	179	0.04838709677419355	0.016129032258064516	0.016129032258064516	0.5967741935483871	0.20967741935483872	0.04838709677419355	0.016129032258064516	0.016129032258064516	0.016129032258064516	0.016129032258064516
180	180	0.013513513513513514	0.013513513513513514	0.04054054054054054	0.581081081081081	0.04054054054054054	0.013513513513513514	0.04054054054054054	0.013513513513513514	0.20270270270270271	0.04054054054054054
181	181	0.04054054054054054	0.06756756756756757	0.013513513513513514	0.17567567567567569	0.25675675675675674	0.013513513513513514	0.04054054054054054	0.04054054054054054	0.28378378378378377	0.06756756756756757
182	182	0.025	0.025	0.175	0.025	0.375	0.075	0.025	0.075	0.025	0.175
183	183	0.02631578947368421	0.02631578947368421	0.02631578947368421	0.02631578947368421	0.02631578947368421	0.13157894736842105	0.02631578947368421	0.6052631578947368	0.07894736842105263	0.02631578947368421
184	184	0.023809523809523808	0.07142857142857142	0.023809523809523808	0.21428571428571427	0.16666666666666666	0.023809523809523808	0.07142857142857142	0.16666666666666666	0.21428571428571427	0.023809523809523808
185	185	0.08333333333333333	0.08333333333333333	0.10714285714285714	0.4166666666666667	0.011904761904761904	0.011904761904761904	0.011904761904761904	0.15476190476190477	0.03571428571428571	0.08333333333333333
186	186	0.175	0.075	0.075	0.025	0.275	0.025	0.125	0.025	0.075	0.125
187	187	0.06547619047619048	0.041666666666666664	0.041666666666666664	0.08928571428571429	0.017857142857142856	0.02976190476190476	0.005952380952380952	0.02976190476190476	0.017857142857142856	0.6607142857142857
188	188	0.03571428571428571	0.03571428571428571	0.03571428571428571	0.03571428571428571	0.03571428571428571	0.03571428571428571	0.03571428571428571	0.6785714285714286	0.03571428571428571	0.03571428571428571
189	189	0.015625	0.015625	0.078125	0.046875	0.078125	0.359375	0.078125	0.015625	0.296875	0.015625
190	190	0.014285714285714285	0.014285714285714285	0.12857142857142856	0.5285714285714286	0.18571428571428572	0.014285714285714285	0.014285714285714285	0.014285714285714285	0.014285714285714285	0.07142857142857142
191	191	0.029411764705882353	0.029411764705882353	0.029411764705882353	0.5588235294117647	0.08823529411764706	0.029411764705882353	0.08823529411764706	0.08823529411764706	0.029411764705882353	0.029411764705882353
192	192	0.075	0.025	0.175	0.225	0.225	0.075	0.025	0.075	0.025	0.075
193	193	0.013888888888888888	0.013888888888888888	0.18055555555555555	0.2916666666666667	0.013888888888888888	0.013888888888888888	0.041666666666666664	0.013888888888888888	0.013888888888888888	0.4027777777777778
194	194	0.022727272727272728	0.25	0.022727272727272728	0.022727272727272728	0.3409090909090909	0.06818181818181818	0.022727272727272728	0.022727272727272728	0.022727272727272728	0.20454545454545456
195	195	0.041666666666666664	0.041666666666666664	0.041666666666666664	0.2916666666666667	0.041666666666666664	0.041666666666666664	0.041666666666666664	0.375	0.041666666666666664	0.041666666666666664
196	196	0.12857142857142856	0.014285714285714285	0.014285714285714285	0.15714285714285714	0.5	0.014285714285714285	0.014285714285714285	0.07142857142857142	0.07142857142857142	0.014285714285714285
197	197	0.045454545454545456	0.045454545454545456	0.045454545454545456	0.13636363636363635	0.045454545454545456	0.13636363636363635	0.045454545454545456	0.045454545454545456	0.13636363636363635	0.3181818181818182
198	198	0.03333333333333333	0.03333333333333333	0.03333333333333333	0.6333333333333333	0.03333333333333333	0.1	0.03333333333333333	0.03333333333333333	0.03333333333333333	0.03333333333333333
199	199	0.013888888888888888	0.125	0.013888888888888888	0.013888888888888888	0.18055555555555555	0.013888888888888888	0.013888888888888888	0.5972222222222222	0.013888888888888888	0.013888888888888888
200	200	0.007575757575757576	0.11363636363636363	0.022727272727272728	0.25	0.3106060606060606	0.007575757575757576	0.26515151515151514	0.007575757575757576	0.007575757575757576	0.007575757575757576
201	201	0.014705882352941176	0.014705882352941176	0.07352941176470588	0.5735294117647058	0.014705882352941176	0.014705882352941176	0.07352941176470588	0.19117647058823528	0.014705882352941176	0.014705882352941176
202	202	0.038461538461538464	0.038461538461538464	0.19230769230769232	0.038461538461538464	0.11538461538461539	0.038461538461538464	0.038461538461538464	0.4230769230769231	0.038461538461538464	0.038461538461538464
203	203	0.011363636363636364	0.17045454545454544	0.011363636363636364	0.17045454545454544	0.14772727272727273	0.03409090909090909	0.011363636363636364	0.03409090909090909	0.03409090909090909	0.375
204	204	0.06521739130434782	0.021739130434782608	0.10869565217391304	0.5434782608695652	0.021739130434782608	0.021739130434782608	0.021739130434782608	0.021739130434782608	0.10869565217391304	0.06521739130434782
205	205	0.02142857142857143	0.007142857142857143	0.20714285714285716	0.35	0.07857142857142857	0.12142857142857143	0.02142857142857143	0.02142857142857143	0.02142857142857143	0.15
206	206	0.029411764705882353	0.029411764705882353	0.029411764705882353	0.029411764705882353	0.38235294117647056	0.029411764705882353	0.029411764705882353	0.3235294117647059	0.08823529411764706	0.029411764705882353
207	207	0.19767441860465115	0.08139534883720931	0.011627906976744186	0.03488372093023256	0.05813953488372093	0.08139534883720931	0.05813953488372093	0.45348837209302323	0.011627906976744186	0.011627906976744186
208	208	0.011627906976744186	0.011627906976744186	0.1744186046511628	0.2441860465116279	0.1511627906976744	0.12790697674418605	0.011627906976744186	0.08139534883720931	0.011627906976744186	0.1744186046511628
209	209	0.07352941176470588	0.04411764705882353	0.014705882352941176	0.4264705882352941	0.1323529411764706	0.07352941176470588	0.014705882352941176	0.19117647058823528	0.014705882352941176	0.014705882352941176
210	210	0.020833333333333332	0.020833333333333332	0.0625	0.020833333333333332	0.0625	0.020833333333333332	0.020833333333333332	0.020833333333333332	0.3541666666666667	0.3958333333333333
211	211	0.013888888888888888	0.013888888888888888	0.18055555555555555	0.4305555555555556	0.06944444444444445	0.041666666666666664	0.041666666666666664	0.06944444444444445	0.09722222222222222	0.041666666666666664
212	212	0.038461538461538464	0.038461538461538464	0.038461538461538464	0.038461538461538464	0.038461538461538464	0.038461538461538464	0.6538461538461539	0.038461538461538464	0.038461538461538464	0.038461538461538464
213	213	0.1	0.014285714285714285	0.04285714285714286	0.6428571428571429	0.12857142857142856	0.014285714285714285	0.014285714285714285	0.014285714285714285	0.014285714285714285	0.014285714285714285
214	214	0.038461538461538464	0.038461538461538464	0.038461538461538464	0.038461538461538464	0.038461538461538464	0.038461538461538464	0.6538461538461539	0.038461538461538464	0.038461538461538464	0.038461538461538464
