0	0	0.07352941176470588	0.07352941176470588	0.10294117647058823	0.07352941176470588	0.014705882352941176	0.4264705882352941	0.04411764705882353	0.1323529411764706	0.014705882352941176	0.04411764705882353
1	1	0.02631578947368421	0.39473684210526316	0.18421052631578946	0.02631578947368421	0.18421052631578946	0.02631578947368421	0.02631578947368421	0.07894736842105263	0.02631578947368421	0.02631578947368421
2	2	0.06818181818181818	0.022727272727272728	0.022727272727272728	0.06818181818181818	0.11363636363636363	0.06818181818181818	0.3409090909090909	0.1590909090909091	0.11363636363636363	0.022727272727272728
3	3	0.05813953488372093	0.08139534883720931	0.011627906976744186	0.22093023255813954	0.03488372093023256	0.011627906976744186	0.1744186046511628	0.03488372093023256	0.22093023255813954	0.1511627906976744
4	4	0.08974358974358974	0.01282051282051282	0.08974358974358974	0.0641025641025641	0.3717948717948718	0.14102564102564102	0.01282051282051282	0.08974358974358974	0.11538461538461539	0.01282051282051282
5	5	0.021739130434782608	0.021739130434782608	0.06521739130434782	0.06521739130434782	0.1956521739130435	0.021739130434782608	0.021739130434782608	0.5	0.06521739130434782	0.021739130434782608
6	6	0.015625	0.046875	0.015625	0.015625	0.265625	0.390625	0.015625	0.015625	0.046875	0.171875
7	7	0.13829787234042554	0.11702127659574468	0.010638297872340425	0.07446808510638298	0.09574468085106383	0.20212765957446807	0.031914893617021274	0.031914893617021274	0.031914893617021274	0.26595744680851063
8	8	0.02631578947368421	0.07894736842105263	0.34210526315789475	0.02631578947368421	0.13157894736842105	0.07894736842105263	0.02631578947368421	0.23684210526315788	0.02631578947368421	0.02631578947368421
9	9	0.09574468085106383	0.1595744680851064	0.010638297872340425	0.20212765957446807	0.07446808510638298	0.05319148936170213	0.13829787234042554	0.09574468085106383	0.05319148936170213	0.11702127659574468
10	10	0.016129032258064516	0.4032258064516129	0.016129032258064516	0.20967741935483872	0.04838709677419355	0.016129032258064516	0.016129032258064516	0.08064516129032258	0.016129032258064516	0.1774193548387097
11	11	0.018518518518518517	0.3888888888888889	0.2037037037037037	0.05555555555555555	0.018518518518518517	0.12962962962962962	0.05555555555555555	0.018518518518518517	0.05555555555555555	0.05555555555555555
12	12	0.19791666666666666	0.40625	0.052083333333333336	0.03125	0.010416666666666666	0.11458333333333333	0.010416666666666666	0.07291666666666667	0.09375	0.010416666666666666
13	13	0.038461538461538464	0.038461538461538464	0.038461538461538464	0.038461538461538464	0.038461538461538464	0.038461538461538464	0.038461538461538464	0.038461538461538464	0.038461538461538464	0.6538461538461539
14	14	0.057692307692307696	0.1346153846153846	0.09615384615384616	0.09615384615384616	0.36538461538461536	0.019230769230769232	0.019230769230769232	0.057692307692307696	0.019230769230769232	0.1346153846153846
15	15	0.011904761904761904	0.011904761904761904	0.10714285714285714	0.03571428571428571	0.2976190476190476	0.011904761904761904	0.08333333333333333	0.13095238095238096	0.2261904761904762	0.08333333333333333
16	16	0.25833333333333336	0.008333333333333333	0.008333333333333333	0.125	0.008333333333333333	0.225	0.008333333333333333	0.008333333333333333	0.008333333333333333	0.3416666666666667
17	17	0.30952380952380953	0.2619047619047619	0.07142857142857142	0.023809523809523808	0.07142857142857142	0.023809523809523808	0.023809523809523808	0.07142857142857142	0.11904761904761904	0.023809523809523808
18	18	0.013157894736842105	0.013157894736842105	0.013157894736842105	0.06578947368421052	0.25	0.19736842105263158	0.25	0.013157894736842105	0.11842105263157894	0.06578947368421052
19	19	0.14516129032258066	0.016129032258064516	0.04838709677419355	0.14516129032258066	0.04838709677419355	0.11290322580645161	0.11290322580645161	0.14516129032258066	0.016129032258064516	0.20967741935483872
20	20	0.07	0.09	0.13	0.39	0.01	0.11	0.01	0.05	0.13	0.01
21	21	0.038461538461538464	0.5512820512820513	0.01282051282051282	0.01282051282051282	0.19230769230769232	0.01282051282051282	0.0641025641025641	0.01282051282051282	0.01282051282051282	0.08974358974358974
22	22	0.02586206896551724	0.09482758620689655	0.02586206896551724	0.008620689655172414	0.04310344827586207	0.5086206896551724	0.008620689655172414	0.14655172413793102	0.04310344827586207	0.09482758620689655
23	23	0.045454545454545456	0.13636363636363635	0.045454545454545456	0.045454545454545456	0.13636363636363635	0.045454545454545456	0.22727272727272727	0.045454545454545456	0.045454545454545456	0.22727272727272727
24	24	0.01282051282051282	0.08974358974358974	0.16666666666666666	0.038461538461538464	0.3974358974358974	0.01282051282051282	0.08974358974358974	0.038461538461538464	0.08974358974358974	0.0641025641025641
25	25	0.04054054054054054	0.06756756756756757	0.6351351351351351	0.013513513513513514	0.06756756756756757	0.013513513513513514	0.06756756756756757	0.013513513513513514	0.013513513513513514	0.06756756756756757
26	26	0.03125	0.13541666666666666	0.052083333333333336	0.15625	0.03125	0.15625	0.15625	0.09375	0.17708333333333334	0.010416666666666666
27	27	0.01	0.07	0.37	0.01	0.01	0.09	0.27	0.11	0.01	0.05
28	28	0.08974358974358974	0.16666666666666666	0.01282051282051282	0.01282051282051282	0.01282051282051282	0.11538461538461539	0.3974358974358974	0.01282051282051282	0.14102564102564102	0.038461538461538464
29	29	0.013513513513513514	0.14864864864864866	0.013513513513513514	0.013513513513513514	0.6351351351351351	0.013513513513513514	0.06756756756756757	0.013513513513513514	0.013513513513513514	0.06756756756756757
30	30	0.03409090909090909	0.011363636363636364	0.4659090909090909	0.011363636363636364	0.011363636363636364	0.17045454545454544	0.056818181818181816	0.07954545454545454	0.14772727272727273	0.011363636363636364
31	31	0.06818181818181818	0.022727272727272728	0.11363636363636363	0.022727272727272728	0.29545454545454547	0.022727272727272728	0.20454545454545456	0.1590909090909091	0.022727272727272728	0.06818181818181818
32	32	0.020833333333333332	0.0625	0.020833333333333332	0.3958333333333333	0.14583333333333334	0.0625	0.020833333333333332	0.020833333333333332	0.0625	0.1875
33	33	0.5416666666666666	0.013888888888888888	0.041666666666666664	0.041666666666666664	0.013888888888888888	0.013888888888888888	0.041666666666666664	0.06944444444444445	0.125	0.09722222222222222
34	34	0.203125	0.171875	0.109375	0.359375	0.015625	0.015625	0.015625	0.046875	0.046875	0.015625
35	35	0.015151515151515152	0.13636363636363635	0.07575757575757576	0.015151515151515152	0.13636363636363635	0.22727272727272727	0.19696969696969696	0.07575757575757576	0.045454545454545456	0.07575757575757576
36	36	0.3108108108108108	0.0945945945945946	0.17567567567567569	0.013513513513513514	0.06756756756756757	0.04054054054054054	0.013513513513513514	0.013513513513513514	0.20270270270270271	0.06756756756756757
37	37	0.20833333333333334	0.125	0.09722222222222222	0.013888888888888888	0.4583333333333333	0.013888888888888888	0.041666666666666664	0.013888888888888888	0.013888888888888888	0.013888888888888888
38	38	0.12222222222222222	0.25555555555555554	0.011111111111111112	0.23333333333333334	0.011111111111111112	0.011111111111111112	0.05555555555555555	0.011111111111111112	0.25555555555555554	0.03333333333333333
39	39	0.041666666666666664	0.2916666666666667	0.041666666666666664	0.041666666666666664	0.041666666666666664	0.041666666666666664	0.2916666666666667	0.041666666666666664	0.125	0.041666666666666664
40	40	0.016666666666666666	0.016666666666666666	0.6833333333333333	0.016666666666666666	0.11666666666666667	0.05	0.05	0.016666666666666666	0.016666666666666666	0.016666666666666666
41	41	0.020833333333333332	0.020833333333333332	0.10416666666666667	0.1875	0.2708333333333333	0.020833333333333332	0.1875	0.020833333333333332	0.14583333333333334	0.020833333333333332
42	42	0.09375	0.03125	0.010416666666666666	0.010416666666666666	0.21875	0.09375	0.21875	0.2604166666666667	0.010416666666666666	0.052083333333333336
43	43	0.018518518518518517	0.05555555555555555	0.12962962962962962	0.018518518518518517	0.16666666666666666	0.09259259259259259	0.018518518518518517	0.16666666666666666	0.09259259259259259	0.24074074074074073
44	44	0.045454545454545456	0.07575757575757576	0.07575757575757576	0.13636363636363635	0.015151515151515152	0.13636363636363635	0.4090909090909091	0.015151515151515152	0.015151515151515152	0.07575757575757576
45	45	0.012195121951219513	0.13414634146341464	0.012195121951219513	0.10975609756097561	0.18292682926829268	0.012195121951219513	0.3780487804878049	0.13414634146341464	0.012195121951219513	0.012195121951219513
46	46	0.1875	0.1875	0.020833333333333332	0.22916666666666666	0.020833333333333332	0.020833333333333332	0.020833333333333332	0.10416666666666667	0.1875	0.020833333333333332
47	47	0.11818181818181818	0.045454545454545456	0.13636363636363635	0.42727272727272725	0.11818181818181818	0.00909090909090909	0.00909090909090909	0.02727272727272727	0.045454545454545456	0.06363636363636363
48	48	0.017241379310344827	0.08620689655172414	0.017241379310344827	0.017241379310344827	0.15517241379310345	0.1206896551724138	0.29310344827586204	0.15517241379310345	0.05172413793103448	0.08620689655172414
49	49	0.017241379310344827	0.15517241379310345	0.017241379310344827	0.017241379310344827	0.43103448275862066	0.017241379310344827	0.017241379310344827	0.25862068965517243	0.017241379310344827	0.05172413793103448
50	50	0.009433962264150943	0.44339622641509435	0.08490566037735849	0.009433962264150943	0.10377358490566038	0.04716981132075472	0.04716981132075472	0.12264150943396226	0.009433962264150943	0.12264150943396226
51	51	0.2421875	0.0234375	0.0546875	0.3046875	0.0390625	0.0078125	0.1015625	0.0234375	0.0390625	0.1640625
52	52	0.045454545454545456	0.22727272727272727	0.045454545454545456	0.045454545454545456	0.045454545454545456	0.3181818181818182	0.045454545454545456	0.045454545454545456	0.045454545454545456	0.13636363636363635
53	53	0.55	0.05	0.05	0.05	0.05	0.05	0.05	0.05	0.05	0.05
54	54	0.023809523809523808	0.07142857142857142	0.023809523809523808	0.023809523809523808	0.023809523809523808	0.023809523809523808	0.07142857142857142	0.6904761904761905	0.023809523809523808	0.023809523809523808
55	55	0.046875	0.015625	0.015625	0.015625	0.203125	0.046875	0.328125	0.203125	0.109375	0.015625
56	56	0.19230769230769232	0.038461538461538464	0.11538461538461539	0.038461538461538464	0.11538461538461539	0.038461538461538464	0.038461538461538464	0.34615384615384615	0.038461538461538464	0.038461538461538464
57	57	0.08333333333333333	0.027777777777777776	0.08333333333333333	0.027777777777777776	0.19444444444444445	0.027777777777777776	0.027777777777777776	0.027777777777777776	0.027777777777777776	0.4722222222222222
58	58	0.015151515151515152	0.19696969696969696	0.045454545454545456	0.015151515151515152	0.07575757575757576	0.045454545454545456	0.3484848484848485	0.015151515151515152	0.13636363636363635	0.10606060606060606
59	59	0.020833333333333332	0.0625	0.22916666666666666	0.020833333333333332	0.020833333333333332	0.020833333333333332	0.10416666666666667	0.3541666666666667	0.020833333333333332	0.14583333333333334
60	60	0.2037037037037037	0.2037037037037037	0.16666666666666666	0.05555555555555555	0.09259259259259259	0.018518518518518517	0.09259259259259259	0.05555555555555555	0.09259259259259259	0.018518518518518517
61	61	0.05	0.08333333333333333	0.016666666666666666	0.4166666666666667	0.11666666666666667	0.016666666666666666	0.016666666666666666	0.21666666666666667	0.05	0.016666666666666666
62	62	0.581081081081081	0.04054054054054054	0.04054054054054054	0.14864864864864866	0.04054054054054054	0.013513513513513514	0.013513513513513514	0.013513513513513514	0.013513513513513514	0.0945945945945946
63	63	0.0625	0.11607142857142858	0.008928571428571428	0.008928571428571428	0.13392857142857142	0.044642857142857144	0.2767857142857143	0.09821428571428571	0.22321428571428573	0.026785714285714284
64	64	0.05555555555555555	0.05555555555555555	0.16666666666666666	0.05555555555555555	0.16666666666666666	0.05555555555555555	0.2777777777777778	0.05555555555555555	0.05555555555555555	0.05555555555555555
65	65	0.29310344827586204	0.05172413793103448	0.08620689655172414	0.1206896551724138	0.017241379310344827	0.017241379310344827	0.017241379310344827	0.08620689655172414	0.25862068965517243	0.05172413793103448
66	66	0.08653846153846154	0.04807692307692308	0.7211538461538461	0.009615384615384616	0.04807692307692308	0.009615384615384616	0.009615384615384616	0.028846153846153848	0.028846153846153848	0.009615384615384616
67	67	0.038461538461538464	0.038461538461538464	0.038461538461538464	0.038461538461538464	0.038461538461538464	0.038461538461538464	0.038461538461538464	0.038461538461538464	0.038461538461538464	0.6538461538461539
68	68	0.10416666666666667	0.10416666666666667	0.0625	0.020833333333333332	0.2708333333333333	0.020833333333333332	0.020833333333333332	0.020833333333333332	0.020833333333333332	0.3541666666666667
69	69	0.06818181818181818	0.022727272727272728	0.06818181818181818	0.3409090909090909	0.022727272727272728	0.1590909090909091	0.06818181818181818	0.022727272727272728	0.1590909090909091	0.06818181818181818
70	70	0.011627906976744186	0.22093023255813954	0.08139534883720931	0.03488372093023256	0.011627906976744186	0.08139534883720931	0.08139534883720931	0.12790697674418605	0.3372093023255814	0.011627906976744186
71	71	0.015625	0.015625	0.046875	0.203125	0.359375	0.015625	0.015625	0.078125	0.234375	0.015625
72	72	0.016129032258064516	0.016129032258064516	0.46774193548387094	0.016129032258064516	0.3387096774193548	0.04838709677419355	0.016129032258064516	0.016129032258064516	0.04838709677419355	0.016129032258064516
73	73	0.045454545454545456	0.10606060606060606	0.015151515151515152	0.015151515151515152	0.4393939393939394	0.015151515151515152	0.16666666666666666	0.015151515151515152	0.015151515151515152	0.16666666666666666
74	74	0.28125	0.21875	0.03125	0.03125	0.03125	0.03125	0.03125	0.03125	0.09375	0.21875
75	75	0.020833333333333332	0.14583333333333334	0.020833333333333332	0.020833333333333332	0.4791666666666667	0.020833333333333332	0.020833333333333332	0.0625	0.1875	0.020833333333333332
76	76	0.13829787234042554	0.07446808510638298	0.010638297872340425	0.11702127659574468	0.2872340425531915	0.05319148936170213	0.05319148936170213	0.22340425531914893	0.010638297872340425	0.031914893617021274
77	77	0.4375	0.0625	0.0625	0.0625	0.0625	0.0625	0.0625	0.0625	0.0625	0.0625
78	78	0.05102040816326531	0.030612244897959183	0.1326530612244898	0.5408163265306123	0.01020408163265306	0.030612244897959183	0.030612244897959183	0.030612244897959183	0.05102040816326531	0.09183673469387756
79	79	0.03333333333333333	0.1	0.43333333333333335	0.1	0.03333333333333333	0.16666666666666666	0.03333333333333333	0.03333333333333333	0.03333333333333333	0.03333333333333333
80	80	0.08974358974358974	0.038461538461538464	0.01282051282051282	0.038461538461538464	0.0641025641025641	0.01282051282051282	0.2948717948717949	0.24358974358974358	0.19230769230769232	0.01282051282051282
81	81	0.018518518518518517	0.018518518518518517	0.24074074074074073	0.05555555555555555	0.16666666666666666	0.09259259259259259	0.018518518518518517	0.2037037037037037	0.12962962962962962	0.05555555555555555
82	82	0.038461538461538464	0.038461538461538464	0.038461538461538464	0.038461538461538464	0.038461538461538464	0.038461538461538464	0.038461538461538464	0.038461538461538464	0.038461538461538464	0.6538461538461539
83	83	0.09782608695652174	0.09782608695652174	0.010869565217391304	0.33695652173913043	0.09782608695652174	0.05434782608695652	0.14130434782608695	0.11956521739130435	0.010869565217391304	0.03260869565217391
84	84	0.02	0.02	0.02	0.06	0.1	0.06	0.5	0.06	0.02	0.14
85	85	0.03125	0.03125	0.03125	0.03125	0.40625	0.03125	0.28125	0.03125	0.03125	0.09375
86	86	0.2125	0.0125	0.0125	0.0875	0.0125	0.0375	0.3125	0.2625	0.0125	0.0375
87	87	0.038461538461538464	0.038461538461538464	0.038461538461538464	0.038461538461538464	0.038461538461538464	0.038461538461538464	0.038461538461538464	0.038461538461538464	0.038461538461538464	0.6538461538461539
88	88	0.11538461538461539	0.038461538461538464	0.038461538461538464	0.11538461538461539	0.34615384615384615	0.038461538461538464	0.038461538461538464	0.19230769230769232	0.038461538461538464	0.038461538461538464
89	89	0.12162162162162163	0.14864864864864866	0.013513513513513514	0.0945945945945946	0.04054054054054054	0.25675675675675674	0.20270270270270271	0.013513513513513514	0.0945945945945946	0.013513513513513514
90	90	0.078125	0.015625	0.171875	0.046875	0.046875	0.140625	0.046875	0.296875	0.140625	0.015625
91	91	0.01	0.11	0.07	0.07	0.33	0.05	0.23	0.01	0.01	0.11
92	92	0.1388888888888889	0.08333333333333333	0.027777777777777776	0.027777777777777776	0.3055555555555556	0.08333333333333333	0.027777777777777776	0.08333333333333333	0.027777777777777776	0.19444444444444445
93	93	0.041666666666666664	0.041666666666666664	0.041666666666666664	0.041666666666666664	0.041666666666666664	0.041666666666666664	0.041666666666666664	0.041666666666666664	0.041666666666666664	0.625
94	94	0.04310344827586207	0.5948275862068966	0.02586206896551724	0.12931034482758622	0.008620689655172414	0.07758620689655173	0.0603448275862069	0.008620689655172414	0.02586206896551724	0.02586206896551724
95	95	0.07352941176470588	0.07352941176470588	0.014705882352941176	0.1323529411764706	0.10294117647058823	0.014705882352941176	0.3088235294117647	0.04411764705882353	0.04411764705882353	0.19117647058823528
96	96	0.05952380952380952	0.011904761904761904	0.05952380952380952	0.05952380952380952	0.08333333333333333	0.011904761904761904	0.13095238095238096	0.011904761904761904	0.5357142857142857	0.03571428571428571
97	97	0.11538461538461539	0.038461538461538464	0.11538461538461539	0.19230769230769232	0.19230769230769232	0.038461538461538464	0.11538461538461539	0.11538461538461539	0.038461538461538464	0.038461538461538464
98	98	0.10714285714285714	0.27380952380952384	0.08333333333333333	0.05952380952380952	0.17857142857142858	0.011904761904761904	0.13095238095238096	0.011904761904761904	0.011904761904761904	0.13095238095238096
99	99	0.015151515151515152	0.015151515151515152	0.045454545454545456	0.045454545454545456	0.045454545454545456	0.07575757575757576	0.19696969696969696	0.3181818181818182	0.07575757575757576	0.16666666666666666
100	100	0.041666666666666664	0.125	0.041666666666666664	0.041666666666666664	0.20833333333333334	0.041666666666666664	0.20833333333333334	0.125	0.125	0.041666666666666664
101	101	0.2894736842105263	0.02631578947368421	0.02631578947368421	0.02631578947368421	0.18421052631578946	0.13157894736842105	0.13157894736842105	0.02631578947368421	0.13157894736842105	0.02631578947368421
102	102	0.022727272727272728	0.06818181818181818	0.6136363636363636	0.022727272727272728	0.022727272727272728	0.022727272727272728	0.022727272727272728	0.022727272727272728	0.1590909090909091	0.022727272727272728
103	103	0.35833333333333334	0.125	0.058333333333333334	0.025	0.10833333333333334	0.09166666666666666	0.008333333333333333	0.075	0.125	0.025
104	104	0.09722222222222222	0.09722222222222222	0.1527777777777778	0.041666666666666664	0.18055555555555555	0.06944444444444445	0.2361111111111111	0.013888888888888888	0.013888888888888888	0.09722222222222222
105	105	0.045454545454545456	0.045454545454545456	0.015151515151515152	0.045454545454545456	0.19696969696969696	0.10606060606060606	0.19696969696969696	0.19696969696969696	0.13636363636363635	0.015151515151515152
106	106	0.13636363636363635	0.13636363636363635	0.045454545454545456	0.045454545454545456	0.045454545454545456	0.045454545454545456	0.045454545454545456	0.045454545454545456	0.4090909090909091	0.045454545454545456
107	107	0.140625	0.078125	0.046875	0.046875	0.109375	0.015625	0.015625	0.015625	0.296875	0.234375
108	108	0.013157894736842105	0.06578947368421052	0.11842105263157894	0.5657894736842105	0.06578947368421052	0.039473684210526314	0.013157894736842105	0.013157894736842105	0.013157894736842105	0.09210526315789473
109	109	0.18269230769230768	0.18269230769230768	0.14423076923076922	0.028846153846153848	0.009615384615384616	0.0673076923076923	0.0673076923076923	0.14423076923076922	0.009615384615384616	0.16346153846153846
110	110	0.015151515151515152	0.16666666666666666	0.015151515151515152	0.015151515151515152	0.015151515151515152	0.13636363636363635	0.16666666666666666	0.045454545454545456	0.3787878787878788	0.045454545454545456
111	111	0.038461538461538464	0.038461538461538464	0.038461538461538464	0.038461538461538464	0.038461538461538464	0.038461538461538464	0.038461538461538464	0.038461538461538464	0.038461538461538464	0.6538461538461539
112	112	0.0661764705882353	0.007352941176470588	0.022058823529411766	0.3014705882352941	0.007352941176470588	0.022058823529411766	0.125	0.007352941176470588	0.2867647058823529	0.15441176470588236
113	113	0.06756756756756757	0.0945945945945946	0.25675675675675674	0.013513513513513514	0.06756756756756757	0.04054054054054054	0.013513513513513514	0.28378378378378377	0.14864864864864866	0.013513513513513514
114	114	0.015625	0.078125	0.265625	0.015625	0.015625	0.359375	0.171875	0.015625	0.015625	0.046875
115	115	0.011111111111111112	0.07777777777777778	0.011111111111111112	0.011111111111111112	0.16666666666666666	0.011111111111111112	0.07777777777777778	0.1	0.5	0.03333333333333333
116	116	0.17307692307692307	0.09615384615384616	0.21153846153846154	0.019230769230769232	0.09615384615384616	0.019230769230769232	0.3269230769230769	0.019230769230769232	0.019230769230769232	0.019230769230769232
117	117	0.056818181818181816	0.10227272727272728	0.011363636363636364	0.23863636363636365	0.056818181818181816	0.03409090909090909	0.125	0.011363636363636364	0.32954545454545453	0.03409090909090909
118	118	0.32926829268292684	0.012195121951219513	0.036585365853658534	0.012195121951219513	0.012195121951219513	0.012195121951219513	0.2804878048780488	0.06097560975609756	0.012195121951219513	0.23170731707317074
119	119	0.07258064516129033	0.008064516129032258	0.008064516129032258	0.4112903225806452	0.024193548387096774	0.08870967741935484	0.056451612903225805	0.07258064516129033	0.024193548387096774	0.23387096774193547
120	120	0.12222222222222222	0.07777777777777778	0.011111111111111112	0.07777777777777778	0.1	0.011111111111111112	0.18888888888888888	0.07777777777777778	0.3	0.03333333333333333
121	121	0.06818181818181818	0.11363636363636363	0.022727272727272728	0.022727272727272728	0.022727272727272728	0.022727272727272728	0.25	0.25	0.06818181818181818	0.1590909090909091
122	122	0.019230769230769232	0.28846153846153844	0.057692307692307696	0.019230769230769232	0.09615384615384616	0.057692307692307696	0.40384615384615385	0.019230769230769232	0.019230769230769232	0.019230769230769232
123	123	0.11904761904761904	0.2619047619047619	0.023809523809523808	0.2619047619047619	0.023809523809523808	0.07142857142857142	0.023809523809523808	0.07142857142857142	0.023809523809523808	0.11904761904761904
124	124	0.1	0.011111111111111112	0.18888888888888888	0.05555555555555555	0.16666666666666666	0.03333333333333333	0.18888888888888888	0.07777777777777778	0.011111111111111112	0.16666666666666666
125	125	0.42	0.06	0.06	0.02	0.06	0.1	0.06	0.02	0.18	0.02
126	126	0.08536585365853659	0.012195121951219513	0.012195121951219513	0.036585365853658534	0.06097560975609756	0.2073170731707317	0.012195121951219513	0.18292682926829268	0.15853658536585366	0.23170731707317074
127	127	0.08823529411764706	0.029411764705882353	0.08823529411764706	0.20588235294117646	0.029411764705882353	0.029411764705882353	0.029411764705882353	0.14705882352941177	0.2647058823529412	0.08823529411764706
128	128	0.55	0.05	0.05	0.05	0.05	0.05	0.05	0.05	0.05	0.05
129	129	0.04054054054054054	0.013513513513513514	0.14864864864864866	0.12162162162162163	0.12162162162162163	0.0945945945945946	0.0945945945945946	0.14864864864864866	0.06756756756756757	0.14864864864864866
130	130	0.55	0.05	0.05	0.05	0.05	0.05	0.05	0.05	0.05	0.05
131	131	0.10714285714285714	0.10714285714285714	0.03571428571428571	0.39285714285714285	0.03571428571428571	0.10714285714285714	0.10714285714285714	0.03571428571428571	0.03571428571428571	0.03571428571428571
132	132	0.11363636363636363	0.11363636363636363	0.06818181818181818	0.06818181818181818	0.022727272727272728	0.06818181818181818	0.1590909090909091	0.3409090909090909	0.022727272727272728	0.022727272727272728
133	133	0.05555555555555555	0.018518518518518517	0.09259259259259259	0.09259259259259259	0.24074074074074073	0.24074074074074073	0.12962962962962962	0.05555555555555555	0.05555555555555555	0.018518518518518517
134	134	0.27419354838709675	0.016129032258064516	0.016129032258064516	0.016129032258064516	0.11290322580645161	0.04838709677419355	0.016129032258064516	0.3064516129032258	0.04838709677419355	0.14516129032258066
135	135	0.02631578947368421	0.02631578947368421	0.02631578947368421	0.02631578947368421	0.5	0.18421052631578946	0.02631578947368421	0.02631578947368421	0.07894736842105263	0.07894736842105263
136	136	0.19642857142857142	0.017857142857142856	0.48214285714285715	0.017857142857142856	0.19642857142857142	0.017857142857142856	0.017857142857142856	0.017857142857142856	0.017857142857142856	0.017857142857142856
137	137	0.023809523809523808	0.11904761904761904	0.023809523809523808	0.023809523809523808	0.023809523809523808	0.40476190476190477	0.11904761904761904	0.21428571428571427	0.023809523809523808	0.023809523809523808
138	138	0.125	0.017857142857142856	0.23214285714285715	0.05357142857142857	0.05357142857142857	0.017857142857142856	0.05357142857142857	0.16071428571428573	0.017857142857142856	0.26785714285714285
139	139	0.05	0.05	0.15	0.05	0.05	0.05	0.15	0.35	0.05	0.05
140	140	0.05172413793103448	0.017241379310344827	0.05172413793103448	0.017241379310344827	0.7413793103448276	0.05172413793103448	0.017241379310344827	0.017241379310344827	0.017241379310344827	0.017241379310344827
141	141	0.021739130434782608	0.10869565217391304	0.10869565217391304	0.2826086956521739	0.021739130434782608	0.1956521739130435	0.10869565217391304	0.021739130434782608	0.10869565217391304	0.021739130434782608
142	142	0.023809523809523808	0.023809523809523808	0.2619047619047619	0.023809523809523808	0.023809523809523808	0.023809523809523808	0.023809523809523808	0.16666666666666666	0.35714285714285715	0.07142857142857142
143	143	0.04411764705882353	0.014705882352941176	0.19117647058823528	0.014705882352941176	0.1323529411764706	0.19117647058823528	0.014705882352941176	0.3088235294117647	0.04411764705882353	0.04411764705882353
144	144	0.013888888888888888	0.013888888888888888	0.013888888888888888	0.013888888888888888	0.013888888888888888	0.013888888888888888	0.2638888888888889	0.20833333333333334	0.2916666666666667	0.1527777777777778
145	145	0.09	0.07	0.01	0.21	0.03	0.13	0.21	0.01	0.21	0.03
146	146	0.011111111111111112	0.011111111111111112	0.011111111111111112	0.1	0.011111111111111112	0.23333333333333334	0.36666666666666664	0.23333333333333334	0.011111111111111112	0.011111111111111112
147	147	0.24285714285714285	0.014285714285714285	0.24285714285714285	0.1	0.014285714285714285	0.014285714285714285	0.014285714285714285	0.18571428571428572	0.15714285714285714	0.014285714285714285
148	148	0.027777777777777776	0.027777777777777776	0.08333333333333333	0.027777777777777776	0.3611111111111111	0.027777777777777776	0.25	0.1388888888888889	0.027777777777777776	0.027777777777777776
149	149	0.010416666666666666	0.07291666666666667	0.010416666666666666	0.13541666666666666	0.010416666666666666	0.5729166666666666	0.11458333333333333	0.03125	0.03125	0.010416666666666666
150	150	0.06	0.38	0.1	0.1	0.1	0.02	0.06	0.1	0.02	0.06
151	151	0.023809523809523808	0.023809523809523808	0.07142857142857142	0.07142857142857142	0.07142857142857142	0.11904761904761904	0.11904761904761904	0.21428571428571427	0.023809523809523808	0.2619047619047619
152	152	0.038461538461538464	0.038461538461538464	0.038461538461538464	0.11538461538461539	0.038461538461538464	0.038461538461538464	0.038461538461538464	0.038461538461538464	0.038461538461538464	0.5769230769230769
153	153	0.014705882352941176	0.1323529411764706	0.04411764705882353	0.16176470588235295	0.07352941176470588	0.014705882352941176	0.07352941176470588	0.4264705882352941	0.04411764705882353	0.014705882352941176
154	154	0.16346153846153846	0.20192307692307693	0.009615384615384616	0.009615384615384616	0.10576923076923077	0.3557692307692308	0.009615384615384616	0.009615384615384616	0.009615384615384616	0.125
155	155	0.05	0.15	0.05	0.15	0.05	0.05	0.05	0.05	0.35	0.05
156	156	0.0375	0.0125	0.1375	0.1625	0.0125	0.1875	0.1125	0.0125	0.0125	0.3125
157	157	0.18571428571428572	0.04285714285714286	0.014285714285714285	0.04285714285714286	0.18571428571428572	0.04285714285714286	0.38571428571428573	0.04285714285714286	0.04285714285714286	0.014285714285714285
158	158	0.038461538461538464	0.038461538461538464	0.038461538461538464	0.038461538461538464	0.038461538461538464	0.038461538461538464	0.038461538461538464	0.038461538461538464	0.038461538461538464	0.6538461538461539
159	159	0.14	0.42	0.02	0.02	0.1	0.06	0.06	0.14	0.02	0.02
160	160	0.03571428571428571	0.10714285714285714	0.03571428571428571	0.03571428571428571	0.03571428571428571	0.25	0.17857142857142858	0.03571428571428571	0.25	0.03571428571428571
161	161	0.14102564102564102	0.16666666666666666	0.0641025641025641	0.01282051282051282	0.11538461538461539	0.14102564102564102	0.0641025641025641	0.21794871794871795	0.038461538461538464	0.038461538461538464
162	162	0.01282051282051282	0.5769230769230769	0.01282051282051282	0.01282051282051282	0.0641025641025641	0.11538461538461539	0.01282051282051282	0.16666666666666666	0.01282051282051282	0.01282051282051282
163	163	0.125	0.125	0.041666666666666664	0.125	0.20833333333333334	0.041666666666666664	0.20833333333333334	0.041666666666666664	0.041666666666666664	0.041666666666666664
164	164	0.009259259259259259	0.009259259259259259	0.027777777777777776	0.5092592592592593	0.009259259259259259	0.046296296296296294	0.009259259259259259	0.10185185185185185	0.027777777777777776	0.25
165	165	0.13636363636363635	0.13636363636363635	0.045454545454545456	0.045454545454545456	0.3181818181818182	0.045454545454545456	0.045454545454545456	0.045454545454545456	0.045454545454545456	0.13636363636363635
166	166	0.012195121951219513	0.06097560975609756	0.036585365853658534	0.012195121951219513	0.35365853658536583	0.036585365853658534	0.012195121951219513	0.08536585365853659	0.3780487804878049	0.012195121951219513
167	167	0.014705882352941176	0.014705882352941176	0.014705882352941176	0.014705882352941176	0.16176470588235295	0.36764705882352944	0.014705882352941176	0.19117647058823528	0.19117647058823528	0.014705882352941176
168	168	0.20454545454545456	0.1590909090909091	0.022727272727272728	0.1590909090909091	0.06818181818181818	0.022727272727272728	0.1590909090909091	0.022727272727272728	0.1590909090909091	0.022727272727272728
169	169	0.046875	0.328125	0.109375	0.171875	0.015625	0.140625	0.015625	0.078125	0.015625	0.078125
170	170	0.23684210526315788	0.02631578947368421	0.07894736842105263	0.02631578947368421	0.07894736842105263	0.07894736842105263	0.02631578947368421	0.02631578947368421	0.23684210526315788	0.18421052631578946
171	171	0.015625	0.046875	0.015625	0.015625	0.015625	0.015625	0.015625	0.390625	0.453125	0.015625
172	172	0.036585365853658534	0.13414634146341464	0.012195121951219513	0.10975609756097561	0.06097560975609756	0.3780487804878049	0.06097560975609756	0.012195121951219513	0.18292682926829268	0.012195121951219513
173	173	0.03571428571428571	0.10714285714285714	0.03571428571428571	0.03571428571428571	0.6071428571428571	0.03571428571428571	0.03571428571428571	0.03571428571428571	0.03571428571428571	0.03571428571428571
174	174	0.225	0.025	0.025	0.075	0.325	0.075	0.125	0.025	0.025	0.075
175	175	0.075	0.325	0.025	0.025	0.025	0.025	0.075	0.075	0.075	0.275
176	176	0.0945945945945946	0.04054054054054054	0.013513513513513514	0.12162162162162163	0.14864864864864866	0.3108108108108108	0.013513513513513514	0.013513513513513514	0.22972972972972974	0.013513513513513514
177	177	0.03488372093023256	0.03488372093023256	0.03488372093023256	0.03488372093023256	0.011627906976744186	0.6627906976744186	0.011627906976744186	0.10465116279069768	0.011627906976744186	0.05813953488372093
178	178	0.11363636363636363	0.06818181818181818	0.06818181818181818	0.06818181818181818	0.022727272727272728	0.06818181818181818	0.06818181818181818	0.20454545454545456	0.20454545454545456	0.11363636363636363
179	179	0.14583333333333334	0.2708333333333333	0.020833333333333332	0.020833333333333332	0.020833333333333332	0.020833333333333332	0.020833333333333332	0.3125	0.14583333333333334	0.020833333333333332
180	180	0.0125	0.0125	0.0125	0.0625	0.0625	0.1125	0.0375	0.1125	0.0625	0.5125
181	181	0.0375	0.0125	0.1875	0.1875	0.2625	0.0625	0.1125	0.1125	0.0125	0.0125
182	182	0.015151515151515152	0.3484848484848485	0.10606060606060606	0.015151515151515152	0.015151515151515152	0.10606060606060606	0.16666666666666666	0.015151515151515152	0.13636363636363635	0.07575757575757576
183	183	0.029411764705882353	0.029411764705882353	0.00980392156862745	0.12745098039215685	0.049019607843137254	0.029411764705882353	0.5588235294117647	0.00980392156862745	0.14705882352941177	0.00980392156862745
184	184	0.029411764705882353	0.2647058823529412	0.029411764705882353	0.029411764705882353	0.08823529411764706	0.029411764705882353	0.4411764705882353	0.029411764705882353	0.029411764705882353	0.029411764705882353
185	185	0.03571428571428571	0.10714285714285714	0.03571428571428571	0.10714285714285714	0.17857142857142858	0.03571428571428571	0.39285714285714285	0.03571428571428571	0.03571428571428571	0.03571428571428571
186	186	0.22413793103448276	0.15517241379310345	0.017241379310344827	0.017241379310344827	0.1896551724137931	0.08620689655172414	0.1896551724137931	0.017241379310344827	0.017241379310344827	0.08620689655172414
187	187	0.016129032258064516	0.27419354838709675	0.04838709677419355	0.016129032258064516	0.43548387096774194	0.016129032258064516	0.04838709677419355	0.016129032258064516	0.016129032258064516	0.11290322580645161
188	188	0.453125	0.078125	0.046875	0.015625	0.015625	0.015625	0.234375	0.015625	0.046875	0.078125
189	189	0.07777777777777778	0.05555555555555555	0.011111111111111112	0.03333333333333333	0.011111111111111112	0.12222222222222222	0.03333333333333333	0.36666666666666664	0.25555555555555554	0.03333333333333333
190	190	0.1	0.011111111111111112	0.36666666666666664	0.011111111111111112	0.07777777777777778	0.011111111111111112	0.34444444444444444	0.011111111111111112	0.05555555555555555	0.011111111111111112
191	191	0.14102564102564102	0.01282051282051282	0.0641025641025641	0.24358974358974358	0.038461538461538464	0.01282051282051282	0.2948717948717949	0.0641025641025641	0.0641025641025641	0.0641025641025641
192	192	0.008620689655172414	0.008620689655172414	0.5603448275862069	0.07758620689655173	0.0603448275862069	0.008620689655172414	0.19827586206896552	0.02586206896551724	0.008620689655172414	0.04310344827586207
193	193	0.1511627906976744	0.08139534883720931	0.1744186046511628	0.011627906976744186	0.10465116279069768	0.08139534883720931	0.26744186046511625	0.011627906976744186	0.10465116279069768	0.011627906976744186
194	194	0.25	0.10714285714285714	0.03571428571428571	0.10714285714285714	0.32142857142857145	0.03571428571428571	0.03571428571428571	0.03571428571428571	0.03571428571428571	0.03571428571428571
195	195	0.14	0.06	0.1	0.02	0.5	0.02	0.02	0.02	0.02	0.1
196	196	0.038461538461538464	0.038461538461538464	0.038461538461538464	0.038461538461538464	0.038461538461538464	0.038461538461538464	0.038461538461538464	0.038461538461538464	0.038461538461538464	0.6538461538461539
197	197	0.55	0.05	0.05	0.05	0.05	0.05	0.05	0.05	0.05	0.05
198	198	0.05813953488372093	0.08139534883720931	0.05813953488372093	0.1511627906976744	0.011627906976744186	0.10465116279069768	0.1744186046511628	0.011627906976744186	0.29069767441860467	0.05813953488372093
199	199	0.05555555555555555	0.05555555555555555	0.05555555555555555	0.05555555555555555	0.05555555555555555	0.05555555555555555	0.05555555555555555	0.5	0.05555555555555555	0.05555555555555555
200	200	0.016129032258064516	0.24193548387096775	0.016129032258064516	0.3709677419354839	0.24193548387096775	0.016129032258064516	0.04838709677419355	0.016129032258064516	0.016129032258064516	0.016129032258064516
201	201	0.078125	0.015625	0.171875	0.109375	0.046875	0.265625	0.078125	0.078125	0.140625	0.015625
202	202	0.12857142857142856	0.07142857142857142	0.15714285714285714	0.014285714285714285	0.04285714285714286	0.15714285714285714	0.1	0.014285714285714285	0.3	0.014285714285714285
203	203	0.05	0.05	0.15	0.15	0.15	0.05	0.05	0.05	0.05	0.25
204	204	0.16666666666666666	0.018518518518518517	0.018518518518518517	0.018518518518518517	0.2777777777777778	0.018518518518518517	0.35185185185185186	0.09259259259259259	0.018518518518518517	0.018518518518518517
205	205	0.027777777777777776	0.4722222222222222	0.08333333333333333	0.027777777777777776	0.1388888888888889	0.027777777777777776	0.1388888888888889	0.027777777777777776	0.027777777777777776	0.027777777777777776
206	206	0.015151515151515152	0.045454545454545456	0.5	0.015151515151515152	0.19696969696969696	0.015151515151515152	0.015151515151515152	0.045454545454545456	0.10606060606060606	0.045454545454545456
207	207	0.18055555555555555	0.20833333333333334	0.013888888888888888	0.2361111111111111	0.013888888888888888	0.041666666666666664	0.013888888888888888	0.125	0.041666666666666664	0.125
208	208	0.03333333333333333	0.011111111111111112	0.05555555555555555	0.05555555555555555	0.5666666666666667	0.1	0.011111111111111112	0.03333333333333333	0.011111111111111112	0.12222222222222222
209	209	0.14	0.02	0.06	0.02	0.02	0.06	0.06	0.14	0.3	0.18
210	210	0.039473684210526314	0.039473684210526314	0.14473684210526316	0.09210526315789473	0.17105263157894737	0.19736842105263158	0.2236842105263158	0.013157894736842105	0.013157894736842105	0.06578947368421052
211	211	0.16346153846153846	0.18269230769230768	0.028846153846153848	0.0673076923076923	0.08653846153846154	0.009615384615384616	0.10576923076923077	0.125	0.009615384615384616	0.22115384615384615
212	212	0.1346153846153846	0.21153846153846154	0.019230769230769232	0.019230769230769232	0.057692307692307696	0.019230769230769232	0.17307692307692307	0.1346153846153846	0.019230769230769232	0.21153846153846154
213	213	0.04285714285714286	0.04285714285714286	0.014285714285714285	0.18571428571428572	0.12857142857142856	0.014285714285714285	0.35714285714285715	0.15714285714285714	0.04285714285714286	0.014285714285714285
214	214	0.03409090909090909	0.375	0.011363636363636364	0.125	0.011363636363636364	0.19318181818181818	0.03409090909090909	0.10227272727272728	0.10227272727272728	0.011363636363636364
215	215	0.045454545454545456	0.08181818181818182	0.02727272727272727	0.02727272727272727	0.02727272727272727	0.00909090909090909	0.5363636363636364	0.06363636363636363	0.1	0.08181818181818182
216	216	0.13636363636363635	0.4090909090909091	0.045454545454545456	0.045454545454545456	0.045454545454545456	0.13636363636363635	0.045454545454545456	0.045454545454545456	0.045454545454545456	0.045454545454545456
217	217	0.025	0.025	0.025	0.025	0.475	0.175	0.025	0.175	0.025	0.025
218	218	0.01020408163265306	0.030612244897959183	0.01020408163265306	0.45918367346938777	0.01020408163265306	0.2755102040816326	0.11224489795918367	0.030612244897959183	0.030612244897959183	0.030612244897959183
219	219	0.017857142857142856	0.30357142857142855	0.05357142857142857	0.125	0.05357142857142857	0.017857142857142856	0.05357142857142857	0.30357142857142855	0.05357142857142857	0.017857142857142856
220	220	0.018518518518518517	0.16666666666666666	0.35185185185185186	0.018518518518518517	0.018518518518518517	0.05555555555555555	0.2777777777777778	0.05555555555555555	0.018518518518518517	0.018518518518518517
