0	0	0.06862745098039216	0.09803921568627451	0.00980392156862745	0.00980392156862745	0.0392156862745098	0.00980392156862745	0.06862745098039216	0.0392156862745098	0.06862745098039216	0.303921568627451	0.12745098039215685	0.09803921568627451	0.00980392156862745	0.0392156862745098	0.00980392156862745
1	1	0.12280701754385966	0.017543859649122806	0.017543859649122806	0.07017543859649122	0.017543859649122806	0.22807017543859648	0.017543859649122806	0.017543859649122806	0.017543859649122806	0.22807017543859648	0.07017543859649122	0.017543859649122806	0.12280701754385966	0.017543859649122806	0.017543859649122806
2	2	0.01515151515151515	0.0606060606060606	0.01515151515151515	0.15151515151515152	0.0606060606060606	0.01515151515151515	0.01515151515151515	0.01515151515151515	0.0606060606060606	0.01515151515151515	0.01515151515151515	0.01515151515151515	0.42424242424242425	0.0606060606060606	0.0606060606060606
3	3	0.07751937984496124	0.007751937984496124	0.007751937984496124	0.33333333333333337	0.007751937984496124	0.031007751937984496	0.031007751937984496	0.007751937984496124	0.007751937984496124	0.031007751937984496	0.2170542635658915	0.007751937984496124	0.17054263565891473	0.031007751937984496	0.031007751937984496
4	4	0.008547008547008546	0.008547008547008546	0.008547008547008546	0.034188034188034185	0.5213675213675213	0.05982905982905983	0.1111111111111111	0.008547008547008546	0.034188034188034185	0.08547008547008547	0.008547008547008546	0.034188034188034185	0.05982905982905983	0.008547008547008546	0.008547008547008546
5	5	0.014492753623188404	0.05797101449275362	0.014492753623188404	0.2753623188405797	0.014492753623188404	0.05797101449275362	0.014492753623188404	0.014492753623188404	0.014492753623188404	0.014492753623188404	0.014492753623188404	0.14492753623188406	0.014492753623188404	0.3188405797101449	0.014492753623188404
6	6	0.010416666666666666	0.010416666666666666	0.010416666666666666	0.041666666666666664	0.010416666666666666	0.010416666666666666	0.010416666666666666	0.010416666666666666	0.07291666666666667	0.13541666666666666	0.07291666666666667	0.10416666666666667	0.4791666666666667	0.010416666666666666	0.010416666666666666
7	7	0.028368794326241134	0.1347517730496454	0.0070921985815602835	0.0070921985815602835	0.0070921985815602835	0.0070921985815602835	0.0070921985815602835	0.0070921985815602835	0.28368794326241137	0.1773049645390071	0.0070921985815602835	0.0070921985815602835	0.1773049645390071	0.11347517730496454	0.028368794326241134
8	8	0.017543859649122806	0.017543859649122806	0.017543859649122806	0.017543859649122806	0.07017543859649122	0.12280701754385966	0.07017543859649122	0.07017543859649122	0.017543859649122806	0.017543859649122806	0.017543859649122806	0.017543859649122806	0.017543859649122806	0.4912280701754386	0.017543859649122806
9	9	0.0070921985815602835	0.0070921985815602835	0.0070921985815602835	0.1773049645390071	0.0070921985815602835	0.028368794326241134	0.0070921985815602835	0.0070921985815602835	0.04964539007092199	0.0070921985815602835	0.24113475177304966	0.24113475177304966	0.07092198581560284	0.0070921985815602835	0.1347517730496454
10	10	0.2043010752688172	0.01075268817204301	0.01075268817204301	0.01075268817204301	0.2043010752688172	0.01075268817204301	0.04301075268817204	0.01075268817204301	0.04301075268817204	0.04301075268817204	0.2688172043010753	0.10752688172043011	0.01075268817204301	0.01075268817204301	0.01075268817204301
11	11	0.08641975308641976	0.3827160493827161	0.04938271604938271	0.012345679012345678	0.012345679012345678	0.04938271604938271	0.012345679012345678	0.012345679012345678	0.012345679012345678	0.012345679012345678	0.012345679012345678	0.012345679012345678	0.012345679012345678	0.308641975308642	0.012345679012345678
12	12	0.15277777777777776	0.04861111111111111	0.006944444444444444	0.027777777777777776	0.027777777777777776	0.006944444444444444	0.027777777777777776	0.006944444444444444	0.027777777777777776	0.17361111111111113	0.3194444444444445	0.04861111111111111	0.027777777777777776	0.06944444444444445	0.027777777777777776
13	13	0.02564102564102564	0.02564102564102564	0.6410256410256411	0.02564102564102564	0.02564102564102564	0.02564102564102564	0.02564102564102564	0.02564102564102564	0.02564102564102564	0.02564102564102564	0.02564102564102564	0.02564102564102564	0.02564102564102564	0.02564102564102564	0.02564102564102564
14	14	0.05128205128205128	0.08974358974358974	0.01282051282051282	0.01282051282051282	0.12820512820512822	0.16666666666666666	0.08974358974358974	0.08974358974358974	0.12820512820512822	0.01282051282051282	0.01282051282051282	0.01282051282051282	0.16666666666666666	0.01282051282051282	0.01282051282051282
15	15	0.1746031746031746	0.031746031746031744	0.007936507936507936	0.12698412698412698	0.07936507936507937	0.19841269841269843	0.031746031746031744	0.10317460317460317	0.007936507936507936	0.007936507936507936	0.007936507936507936	0.007936507936507936	0.1746031746031746	0.031746031746031744	0.007936507936507936
16	16	0.005555555555555555	0.02222222222222222	0.05555555555555556	0.1388888888888889	0.12222222222222222	0.02222222222222222	0.12222222222222222	0.005555555555555555	0.20555555555555557	0.1888888888888889	0.02222222222222222	0.02222222222222222	0.005555555555555555	0.03888888888888889	0.02222222222222222
17	17	0.30158730158730157	0.06349206349206349	0.015873015873015872	0.015873015873015872	0.015873015873015872	0.20634920634920634	0.11111111111111112	0.015873015873015872	0.015873015873015872	0.015873015873015872	0.015873015873015872	0.015873015873015872	0.015873015873015872	0.15873015873015875	0.015873015873015872
18	18	0.008771929824561403	0.008771929824561403	0.008771929824561403	0.03508771929824561	0.03508771929824561	0.16666666666666666	0.06140350877192983	0.19298245614035087	0.08771929824561404	0.03508771929824561	0.06140350877192983	0.008771929824561403	0.2192982456140351	0.008771929824561403	0.06140350877192983
19	19	0.01075268817204301	0.01075268817204301	0.01075268817204301	0.01075268817204301	0.04301075268817204	0.04301075268817204	0.04301075268817204	0.04301075268817204	0.39784946236559143	0.23655913978494622	0.07526881720430108	0.01075268817204301	0.04301075268817204	0.01075268817204301	0.01075268817204301
20	20	0.12666666666666665	0.04666666666666667	0.006666666666666666	0.04666666666666667	0.12666666666666665	0.006666666666666666	0.22666666666666668	0.006666666666666666	0.006666666666666666	0.14666666666666667	0.026666666666666665	0.04666666666666667	0.006666666666666666	0.026666666666666665	0.14666666666666667
21	21	0.034188034188034185	0.13675213675213674	0.008547008547008546	0.08547008547008547	0.05982905982905983	0.13675213675213674	0.008547008547008546	0.1111111111111111	0.008547008547008546	0.05982905982905983	0.26495726495726496	0.05982905982905983	0.008547008547008546	0.008547008547008546	0.008547008547008546
22	22	0.1264367816091954	0.005747126436781609	0.005747126436781609	0.005747126436781609	0.07471264367816091	0.005747126436781609	0.005747126436781609	0.022988505747126436	0.09195402298850575	0.367816091954023	0.09195402298850575	0.14367816091954025	0.040229885057471264	0.005747126436781609	0.005747126436781609
23	23	0.0303030303030303	0.0303030303030303	0.0303030303030303	0.30303030303030304	0.0303030303030303	0.0303030303030303	0.0303030303030303	0.0303030303030303	0.0303030303030303	0.0303030303030303	0.1212121212121212	0.0303030303030303	0.21212121212121213	0.0303030303030303	0.0303030303030303
24	24	0.08547008547008547	0.008547008547008546	0.39316239316239315	0.034188034188034185	0.1623931623931624	0.1111111111111111	0.008547008547008546	0.008547008547008546	0.008547008547008546	0.13675213675213674	0.008547008547008546	0.008547008547008546	0.008547008547008546	0.008547008547008546	0.008547008547008546
25	25	0.009009009009009009	0.009009009009009009	0.009009009009009009	0.009009009009009009	0.009009009009009009	0.009009009009009009	0.06306306306306307	0.009009009009009009	0.009009009009009009	0.009009009009009009	0.009009009009009009	0.009009009009009009	0.14414414414414414	0.6036036036036035	0.0900900900900901
26	26	0.1111111111111111	0.17361111111111113	0.006944444444444444	0.027777777777777776	0.006944444444444444	0.027777777777777776	0.006944444444444444	0.17361111111111113	0.027777777777777776	0.006944444444444444	0.006944444444444444	0.006944444444444444	0.2569444444444445	0.006944444444444444	0.15277777777777776
27	27	0.006666666666666666	0.006666666666666666	0.06666666666666667	0.006666666666666666	0.006666666666666666	0.006666666666666666	0.026666666666666665	0.44666666666666666	0.14666666666666667	0.026666666666666665	0.006666666666666666	0.04666666666666667	0.10666666666666666	0.08666666666666666	0.006666666666666666
28	28	0.034188034188034185	0.13675213675213674	0.008547008547008546	0.008547008547008546	0.008547008547008546	0.034188034188034185	0.008547008547008546	0.05982905982905983	0.1623931623931624	0.2136752136752137	0.008547008547008546	0.034188034188034185	0.1623931623931624	0.008547008547008546	0.1111111111111111
29	29	0.11711711711711711	0.009009009009009009	0.009009009009009009	0.009009009009009009	0.009009009009009009	0.5495495495495495	0.009009009009009009	0.06306306306306307	0.036036036036036036	0.06306306306306307	0.009009009009009009	0.009009009009009009	0.0900900900900901	0.009009009009009009	0.009009009009009009
30	30	0.007575757575757575	0.0303030303030303	0.007575757575757575	0.007575757575757575	0.007575757575757575	0.007575757575757575	0.007575757575757575	0.3939393939393939	0.007575757575757575	0.23484848484848486	0.007575757575757575	0.21212121212121213	0.007575757575757575	0.0303030303030303	0.0303030303030303
31	31	0.01515151515151515	0.10606060606060606	0.01515151515151515	0.01515151515151515	0.01515151515151515	0.3333333333333333	0.01515151515151515	0.3333333333333333	0.01515151515151515	0.01515151515151515	0.0606060606060606	0.01515151515151515	0.01515151515151515	0.01515151515151515	0.01515151515151515
32	32	0.013888888888888888	0.013888888888888888	0.18055555555555555	0.1388888888888889	0.4305555555555556	0.05555555555555555	0.013888888888888888	0.013888888888888888	0.013888888888888888	0.013888888888888888	0.05555555555555555	0.013888888888888888	0.013888888888888888	0.013888888888888888	0.013888888888888888
33	33	0.0925925925925926	0.009259259259259259	0.3425925925925926	0.009259259259259259	0.009259259259259259	0.009259259259259259	0.06481481481481483	0.037037037037037035	0.009259259259259259	0.009259259259259259	0.009259259259259259	0.009259259259259259	0.037037037037037035	0.009259259259259259	0.3425925925925926
34	34	0.13541666666666666	0.07291666666666667	0.13541666666666666	0.010416666666666666	0.10416666666666667	0.010416666666666666	0.041666666666666664	0.010416666666666666	0.13541666666666666	0.041666666666666664	0.07291666666666667	0.041666666666666664	0.010416666666666666	0.07291666666666667	0.10416666666666667
35	35	0.0404040404040404	0.0101010101010101	0.1313131313131313	0.0101010101010101	0.2222222222222222	0.07070707070707072	0.0101010101010101	0.2222222222222222	0.10101010101010101	0.1313131313131313	0.0101010101010101	0.0101010101010101	0.0101010101010101	0.0101010101010101	0.0101010101010101
36	36	0.2522522522522523	0.036036036036036036	0.06306306306306307	0.009009009009009009	0.06306306306306307	0.11711711711711711	0.036036036036036036	0.06306306306306307	0.0900900900900901	0.009009009009009009	0.036036036036036036	0.009009009009009009	0.009009009009009009	0.009009009009009009	0.1981981981981982
37	37	0.009259259259259259	0.3148148148148148	0.009259259259259259	0.037037037037037035	0.009259259259259259	0.39814814814814814	0.009259259259259259	0.009259259259259259	0.037037037037037035	0.06481481481481483	0.009259259259259259	0.009259259259259259	0.009259259259259259	0.009259259259259259	0.06481481481481483
38	38	0.05185185185185186	0.05185185185185186	0.07407407407407408	0.29629629629629634	0.007407407407407407	0.007407407407407407	0.007407407407407407	0.007407407407407407	0.0962962962962963	0.07407407407407408	0.2518518518518519	0.007407407407407407	0.007407407407407407	0.007407407407407407	0.05185185185185186
39	39	0.3611111111111111	0.027777777777777776	0.027777777777777776	0.027777777777777776	0.027777777777777776	0.1111111111111111	0.027777777777777776	0.1111111111111111	0.027777777777777776	0.027777777777777776	0.027777777777777776	0.027777777777777776	0.027777777777777776	0.1111111111111111	0.027777777777777776
40	40	0.01111111111111111	0.01111111111111111	0.01111111111111111	0.01111111111111111	0.01111111111111111	0.14444444444444443	0.01111111111111111	0.01111111111111111	0.01111111111111111	0.04444444444444444	0.01111111111111111	0.01111111111111111	0.07777777777777778	0.611111111111111	0.01111111111111111
41	41	0.05555555555555555	0.013888888888888888	0.013888888888888888	0.3888888888888889	0.013888888888888888	0.013888888888888888	0.013888888888888888	0.2222222222222222	0.013888888888888888	0.09722222222222222	0.013888888888888888	0.013888888888888888	0.09722222222222222	0.013888888888888888	0.013888888888888888
42	42	0.006944444444444444	0.1111111111111111	0.17361111111111113	0.006944444444444444	0.1111111111111111	0.17361111111111113	0.006944444444444444	0.006944444444444444	0.006944444444444444	0.006944444444444444	0.006944444444444444	0.3194444444444445	0.006944444444444444	0.006944444444444444	0.04861111111111111
43	43	0.012345679012345678	0.1234567901234568	0.012345679012345678	0.012345679012345678	0.19753086419753085	0.012345679012345678	0.012345679012345678	0.1234567901234568	0.012345679012345678	0.04938271604938271	0.012345679012345678	0.1234567901234568	0.04938271604938271	0.012345679012345678	0.2345679012345679
44	44	0.0404040404040404	0.0404040404040404	0.37373737373737376	0.10101010101010101	0.10101010101010101	0.0101010101010101	0.0101010101010101	0.0101010101010101	0.1616161616161616	0.0101010101010101	0.0101010101010101	0.0101010101010101	0.0404040404040404	0.0101010101010101	0.07070707070707072
45	45	0.008130081300813007	0.05691056910569106	0.03252032520325203	0.13008130081300812	0.1056910569105691	0.008130081300813007	0.1056910569105691	0.08130081300813008	0.008130081300813007	0.008130081300813007	0.08130081300813008	0.05691056910569106	0.13008130081300812	0.008130081300813007	0.17886178861788618
46	46	0.3888888888888889	0.013888888888888888	0.09722222222222222	0.18055555555555555	0.013888888888888888	0.013888888888888888	0.013888888888888888	0.013888888888888888	0.013888888888888888	0.05555555555555555	0.013888888888888888	0.05555555555555555	0.013888888888888888	0.013888888888888888	0.09722222222222222
47	47	0.024242424242424242	0.006060606060606061	0.11515151515151514	0.5333333333333333	0.11515151515151514	0.09696969696969697	0.024242424242424242	0.006060606060606061	0.006060606060606061	0.024242424242424242	0.006060606060606061	0.006060606060606061	0.006060606060606061	0.006060606060606061	0.024242424242424242
48	48	0.011494252873563218	0.14942528735632182	0.011494252873563218	0.08045977011494253	0.011494252873563218	0.08045977011494253	0.011494252873563218	0.11494252873563218	0.011494252873563218	0.11494252873563218	0.011494252873563218	0.11494252873563218	0.14942528735632182	0.011494252873563218	0.11494252873563218
49	49	0.011494252873563218	0.04597701149425287	0.011494252873563218	0.011494252873563218	0.08045977011494253	0.45977011494252873	0.04597701149425287	0.08045977011494253	0.04597701149425287	0.011494252873563218	0.11494252873563218	0.04597701149425287	0.011494252873563218	0.011494252873563218	0.011494252873563218
50	50	0.006289308176100628	0.06289308176100629	0.04402515723270441	0.006289308176100628	0.08176100628930817	0.17610062893081763	0.006289308176100628	0.006289308176100628	0.08176100628930817	0.10062893081761005	0.3081761006289308	0.04402515723270441	0.006289308176100628	0.06289308176100629	0.006289308176100628
51	51	0.19270833333333334	0.005208333333333333	0.09895833333333333	0.052083333333333336	0.20833333333333334	0.005208333333333333	0.020833333333333332	0.005208333333333333	0.16145833333333334	0.005208333333333333	0.020833333333333332	0.020833333333333332	0.005208333333333333	0.005208333333333333	0.19270833333333334
52	52	0.1212121212121212	0.0303030303030303	0.0303030303030303	0.0303030303030303	0.0303030303030303	0.0303030303030303	0.21212121212121213	0.0303030303030303	0.0303030303030303	0.0303030303030303	0.1212121212121212	0.1212121212121212	0.1212121212121212	0.0303030303030303	0.0303030303030303
53	53	0.03333333333333333	0.03333333333333333	0.03333333333333333	0.03333333333333333	0.03333333333333333	0.03333333333333333	0.03333333333333333	0.03333333333333333	0.03333333333333333	0.03333333333333333	0.03333333333333333	0.5333333333333333	0.03333333333333333	0.03333333333333333	0.03333333333333333
54	54	0.015873015873015872	0.015873015873015872	0.11111111111111112	0.15873015873015875	0.015873015873015872	0.015873015873015872	0.06349206349206349	0.015873015873015872	0.06349206349206349	0.015873015873015872	0.015873015873015872	0.39682539682539686	0.06349206349206349	0.015873015873015872	0.015873015873015872
55	55	0.010416666666666666	0.010416666666666666	0.13541666666666666	0.3229166666666667	0.010416666666666666	0.19791666666666666	0.010416666666666666	0.041666666666666664	0.10416666666666667	0.010416666666666666	0.010416666666666666	0.010416666666666666	0.10416666666666667	0.010416666666666666	0.010416666666666666
56	56	0.02564102564102564	0.02564102564102564	0.10256410256410256	0.1794871794871795	0.02564102564102564	0.02564102564102564	0.02564102564102564	0.10256410256410256	0.25641025641025644	0.02564102564102564	0.02564102564102564	0.10256410256410256	0.02564102564102564	0.02564102564102564	0.02564102564102564
57	57	0.018518518518518517	0.018518518518518517	0.1851851851851852	0.018518518518518517	0.018518518518518517	0.462962962962963	0.018518518518518517	0.018518518518518517	0.07407407407407407	0.018518518518518517	0.018518518518518517	0.07407407407407407	0.018518518518518517	0.018518518518518517	0.018518518518518517
58	58	0.0404040404040404	0.0101010101010101	0.0101010101010101	0.1313131313131313	0.0101010101010101	0.0101010101010101	0.0101010101010101	0.0101010101010101	0.25252525252525254	0.1919191919191919	0.0101010101010101	0.0101010101010101	0.2828282828282829	0.0101010101010101	0.0101010101010101
59	59	0.013888888888888888	0.05555555555555555	0.013888888888888888	0.013888888888888888	0.013888888888888888	0.013888888888888888	0.013888888888888888	0.34722222222222227	0.1388888888888889	0.013888888888888888	0.2222222222222222	0.09722222222222222	0.013888888888888888	0.013888888888888888	0.013888888888888888
60	60	0.04938271604938271	0.2345679012345679	0.2716049382716049	0.04938271604938271	0.16049382716049382	0.012345679012345678	0.012345679012345678	0.012345679012345678	0.012345679012345678	0.04938271604938271	0.012345679012345678	0.012345679012345678	0.012345679012345678	0.08641975308641976	0.012345679012345678
61	61	0.14444444444444443	0.01111111111111111	0.01111111111111111	0.17777777777777776	0.04444444444444444	0.04444444444444444	0.14444444444444443	0.01111111111111111	0.01111111111111111	0.2111111111111111	0.04444444444444444	0.04444444444444444	0.07777777777777778	0.01111111111111111	0.01111111111111111
62	62	0.036036036036036036	0.009009009009009009	0.2522522522522523	0.11711711711711711	0.14414414414414414	0.06306306306306307	0.06306306306306307	0.009009009009009009	0.036036036036036036	0.036036036036036036	0.009009009009009009	0.009009009009009009	0.009009009009009009	0.009009009009009009	0.1981981981981982
63	63	0.05952380952380953	0.005952380952380952	0.005952380952380952	0.005952380952380952	0.005952380952380952	0.22023809523809526	0.023809523809523808	0.04166666666666667	0.005952380952380952	0.05952380952380953	0.023809523809523808	0.05952380952380953	0.18452380952380953	0.005952380952380952	0.29166666666666663
64	64	0.037037037037037035	0.037037037037037035	0.037037037037037035	0.037037037037037035	0.037037037037037035	0.037037037037037035	0.14814814814814814	0.2592592592592593	0.14814814814814814	0.037037037037037035	0.037037037037037035	0.037037037037037035	0.037037037037037035	0.037037037037037035	0.037037037037037035
65	65	0.011494252873563218	0.011494252873563218	0.08045977011494253	0.04597701149425287	0.04597701149425287	0.08045977011494253	0.011494252873563218	0.011494252873563218	0.14942528735632182	0.08045977011494253	0.011494252873563218	0.011494252873563218	0.08045977011494253	0.04597701149425287	0.3218390804597701
66	66	0.00641025641025641	0.00641025641025641	0.00641025641025641	0.04487179487179487	0.00641025641025641	0.04487179487179487	0.00641025641025641	0.00641025641025641	0.2371794871794872	0.00641025641025641	0.00641025641025641	0.02564102564102564	0.08333333333333333	0.5064102564102564	0.00641025641025641
67	67	0.02564102564102564	0.02564102564102564	0.6410256410256411	0.02564102564102564	0.02564102564102564	0.02564102564102564	0.02564102564102564	0.02564102564102564	0.02564102564102564	0.02564102564102564	0.02564102564102564	0.02564102564102564	0.02564102564102564	0.02564102564102564	0.02564102564102564
68	68	0.013888888888888888	0.05555555555555555	0.013888888888888888	0.013888888888888888	0.09722222222222222	0.1388888888888889	0.05555555555555555	0.09722222222222222	0.09722222222222222	0.013888888888888888	0.05555555555555555	0.3055555555555555	0.013888888888888888	0.013888888888888888	0.013888888888888888
69	69	0.01515151515151515	0.01515151515151515	0.01515151515151515	0.01515151515151515	0.19696969696969696	0.01515151515151515	0.2424242424242424	0.01515151515151515	0.01515151515151515	0.0606060606060606	0.01515151515151515	0.15151515151515152	0.01515151515151515	0.01515151515151515	0.19696969696969696
70	70	0.2170542635658915	0.031007751937984496	0.007751937984496124	0.007751937984496124	0.14728682170542634	0.007751937984496124	0.40310077519379844	0.007751937984496124	0.007751937984496124	0.007751937984496124	0.07751937984496124	0.007751937984496124	0.007751937984496124	0.054263565891472874	0.007751937984496124
71	71	0.041666666666666664	0.010416666666666666	0.010416666666666666	0.010416666666666666	0.13541666666666666	0.2916666666666667	0.16666666666666666	0.041666666666666664	0.010416666666666666	0.010416666666666666	0.010416666666666666	0.010416666666666666	0.010416666666666666	0.041666666666666664	0.19791666666666666
72	72	0.01075268817204301	0.01075268817204301	0.01075268817204301	0.04301075268817204	0.13978494623655913	0.3655913978494624	0.01075268817204301	0.10752688172043011	0.01075268817204301	0.07526881720430108	0.01075268817204301	0.07526881720430108	0.04301075268817204	0.07526881720430108	0.01075268817204301
73	73	0.0101010101010101	0.1313131313131313	0.0101010101010101	0.0101010101010101	0.0101010101010101	0.37373737373737376	0.0101010101010101	0.1313131313131313	0.1919191919191919	0.0101010101010101	0.0101010101010101	0.0101010101010101	0.07070707070707072	0.0101010101010101	0.0101010101010101
74	74	0.3958333333333333	0.08333333333333333	0.020833333333333332	0.020833333333333332	0.020833333333333332	0.020833333333333332	0.08333333333333333	0.020833333333333332	0.020833333333333332	0.020833333333333332	0.020833333333333332	0.14583333333333334	0.020833333333333332	0.020833333333333332	0.08333333333333333
75	75	0.013888888888888888	0.05555555555555555	0.013888888888888888	0.013888888888888888	0.013888888888888888	0.513888888888889	0.09722222222222222	0.013888888888888888	0.013888888888888888	0.1388888888888889	0.013888888888888888	0.013888888888888888	0.013888888888888888	0.013888888888888888	0.05555555555555555
76	76	0.0070921985815602835	0.0070921985815602835	0.0070921985815602835	0.0070921985815602835	0.04964539007092199	0.1773049645390071	0.0070921985815602835	0.028368794326241134	0.028368794326241134	0.07092198581560284	0.24113475177304966	0.28368794326241137	0.0070921985815602835	0.028368794326241134	0.04964539007092199
77	77	0.041666666666666664	0.041666666666666664	0.041666666666666664	0.041666666666666664	0.041666666666666664	0.041666666666666664	0.041666666666666664	0.041666666666666664	0.041666666666666664	0.041666666666666664	0.4166666666666667	0.041666666666666664	0.041666666666666664	0.041666666666666664	0.041666666666666664
78	78	0.006802721088435374	0.027210884353741496	0.027210884353741496	0.006802721088435374	0.027210884353741496	0.04761904761904762	0.4965986394557823	0.006802721088435374	0.006802721088435374	0.006802721088435374	0.006802721088435374	0.006802721088435374	0.23129251700680273	0.06802721088435375	0.027210884353741496
79	79	0.02222222222222222	0.02222222222222222	0.02222222222222222	0.02222222222222222	0.02222222222222222	0.02222222222222222	0.02222222222222222	0.02222222222222222	0.02222222222222222	0.15555555555555556	0.02222222222222222	0.02222222222222222	0.08888888888888888	0.4888888888888889	0.02222222222222222
80	80	0.08547008547008547	0.034188034188034185	0.008547008547008546	0.008547008547008546	0.13675213675213674	0.008547008547008546	0.13675213675213674	0.05982905982905983	0.034188034188034185	0.034188034188034185	0.008547008547008546	0.2136752136752137	0.1623931623931624	0.008547008547008546	0.05982905982905983
81	81	0.012345679012345678	0.08641975308641976	0.012345679012345678	0.012345679012345678	0.45679012345679015	0.012345679012345678	0.1234567901234568	0.012345679012345678	0.04938271604938271	0.04938271604938271	0.04938271604938271	0.012345679012345678	0.012345679012345678	0.08641975308641976	0.012345679012345678
82	82	0.02564102564102564	0.02564102564102564	0.6410256410256411	0.02564102564102564	0.02564102564102564	0.02564102564102564	0.02564102564102564	0.02564102564102564	0.02564102564102564	0.02564102564102564	0.02564102564102564	0.02564102564102564	0.02564102564102564	0.02564102564102564	0.02564102564102564
83	83	0.007246376811594202	0.007246376811594202	0.007246376811594202	0.02898550724637681	0.02898550724637681	0.007246376811594202	0.3550724637681159	0.2898550724637681	0.02898550724637681	0.007246376811594202	0.11594202898550723	0.007246376811594202	0.09420289855072463	0.007246376811594202	0.007246376811594202
84	84	0.013333333333333332	0.05333333333333333	0.09333333333333334	0.1733333333333333	0.013333333333333332	0.05333333333333333	0.013333333333333332	0.33333333333333337	0.09333333333333334	0.013333333333333332	0.013333333333333332	0.013333333333333332	0.013333333333333332	0.013333333333333332	0.09333333333333334
85	85	0.020833333333333332	0.14583333333333334	0.020833333333333332	0.020833333333333332	0.020833333333333332	0.5208333333333334	0.08333333333333333	0.020833333333333332	0.020833333333333332	0.020833333333333332	0.020833333333333332	0.020833333333333332	0.020833333333333332	0.020833333333333332	0.020833333333333332
86	86	0.008333333333333333	0.03333333333333333	0.008333333333333333	0.20833333333333334	0.03333333333333333	0.03333333333333333	0.08333333333333334	0.03333333333333333	0.10833333333333332	0.008333333333333333	0.18333333333333332	0.008333333333333333	0.15833333333333333	0.03333333333333333	0.058333333333333334
87	87	0.02564102564102564	0.02564102564102564	0.6410256410256411	0.02564102564102564	0.02564102564102564	0.02564102564102564	0.02564102564102564	0.02564102564102564	0.02564102564102564	0.02564102564102564	0.02564102564102564	0.02564102564102564	0.02564102564102564	0.02564102564102564	0.02564102564102564
88	88	0.02564102564102564	0.02564102564102564	0.02564102564102564	0.02564102564102564	0.25641025641025644	0.10256410256410256	0.02564102564102564	0.10256410256410256	0.02564102564102564	0.02564102564102564	0.02564102564102564	0.02564102564102564	0.02564102564102564	0.02564102564102564	0.25641025641025644
89	89	0.14414414414414414	0.11711711711711711	0.036036036036036036	0.009009009009009009	0.009009009009009009	0.009009009009009009	0.0900900900900901	0.06306306306306307	0.3603603603603604	0.009009009009009009	0.009009009009009009	0.11711711711711711	0.009009009009009009	0.009009009009009009	0.009009009009009009
90	90	0.010416666666666666	0.010416666666666666	0.07291666666666667	0.07291666666666667	0.041666666666666664	0.041666666666666664	0.010416666666666666	0.16666666666666666	0.010416666666666666	0.010416666666666666	0.07291666666666667	0.2604166666666667	0.010416666666666666	0.16666666666666666	0.041666666666666664
91	91	0.026666666666666665	0.006666666666666666	0.16666666666666669	0.006666666666666666	0.06666666666666667	0.26666666666666666	0.006666666666666666	0.006666666666666666	0.16666666666666669	0.08666666666666666	0.06666666666666667	0.04666666666666667	0.04666666666666667	0.026666666666666665	0.006666666666666666
92	92	0.018518518518518517	0.07407407407407407	0.07407407407407407	0.018518518518518517	0.07407407407407407	0.07407407407407407	0.12962962962962965	0.018518518518518517	0.07407407407407407	0.07407407407407407	0.018518518518518517	0.018518518518518517	0.018518518518518517	0.24074074074074073	0.07407407407407407
93	93	0.027777777777777776	0.027777777777777776	0.4444444444444444	0.027777777777777776	0.027777777777777776	0.19444444444444445	0.027777777777777776	0.027777777777777776	0.027777777777777776	0.027777777777777776	0.027777777777777776	0.027777777777777776	0.027777777777777776	0.027777777777777776	0.027777777777777776
94	94	0.10919540229885057	0.3333333333333333	0.022988505747126436	0.040229885057471264	0.005747126436781609	0.005747126436781609	0.005747126436781609	0.040229885057471264	0.05747126436781609	0.005747126436781609	0.005747126436781609	0.09195402298850575	0.040229885057471264	0.21264367816091956	0.022988505747126436
95	95	0.00980392156862745	0.18627450980392157	0.1568627450980392	0.09803921568627451	0.0392156862745098	0.0392156862745098	0.0392156862745098	0.12745098039215685	0.09803921568627451	0.00980392156862745	0.1568627450980392	0.00980392156862745	0.00980392156862745	0.00980392156862745	0.00980392156862745
96	96	0.12698412698412698	0.007936507936507936	0.05555555555555556	0.007936507936507936	0.007936507936507936	0.07936507936507937	0.007936507936507936	0.031746031746031744	0.05555555555555556	0.007936507936507936	0.007936507936507936	0.007936507936507936	0.05555555555555556	0.007936507936507936	0.5317460317460317
97	97	0.02564102564102564	0.02564102564102564	0.02564102564102564	0.02564102564102564	0.1794871794871795	0.10256410256410256	0.02564102564102564	0.02564102564102564	0.10256410256410256	0.02564102564102564	0.02564102564102564	0.02564102564102564	0.25641025641025644	0.10256410256410256	0.02564102564102564
98	98	0.38888888888888884	0.007936507936507936	0.031746031746031744	0.05555555555555556	0.007936507936507936	0.05555555555555556	0.007936507936507936	0.007936507936507936	0.07936507936507937	0.007936507936507936	0.031746031746031744	0.007936507936507936	0.07936507936507937	0.22222222222222224	0.007936507936507936
99	99	0.0101010101010101	0.0101010101010101	0.0101010101010101	0.1919191919191919	0.25252525252525254	0.0101010101010101	0.0101010101010101	0.0404040404040404	0.37373737373737376	0.0101010101010101	0.0101010101010101	0.0101010101010101	0.0101010101010101	0.0101010101010101	0.0404040404040404
100	100	0.027777777777777776	0.027777777777777776	0.027777777777777776	0.1111111111111111	0.027777777777777776	0.2777777777777778	0.027777777777777776	0.1111111111111111	0.027777777777777776	0.027777777777777776	0.19444444444444445	0.027777777777777776	0.027777777777777776	0.027777777777777776	0.027777777777777776
101	101	0.07017543859649122	0.017543859649122806	0.017543859649122806	0.07017543859649122	0.017543859649122806	0.1754385964912281	0.017543859649122806	0.017543859649122806	0.017543859649122806	0.22807017543859648	0.017543859649122806	0.017543859649122806	0.07017543859649122	0.017543859649122806	0.22807017543859648
102	102	0.01515151515151515	0.0606060606060606	0.01515151515151515	0.01515151515151515	0.01515151515151515	0.01515151515151515	0.01515151515151515	0.15151515151515152	0.0606060606060606	0.01515151515151515	0.01515151515151515	0.01515151515151515	0.01515151515151515	0.5151515151515151	0.0606060606060606
103	103	0.03888888888888889	0.10555555555555556	0.005555555555555555	0.05555555555555556	0.03888888888888889	0.1388888888888889	0.02222222222222222	0.005555555555555555	0.02222222222222222	0.07222222222222222	0.005555555555555555	0.2722222222222222	0.02222222222222222	0.005555555555555555	0.1888888888888889
104	104	0.009259259259259259	0.0925925925925926	0.009259259259259259	0.009259259259259259	0.009259259259259259	0.009259259259259259	0.037037037037037035	0.42592592592592593	0.009259259259259259	0.037037037037037035	0.009259259259259259	0.009259259259259259	0.2037037037037037	0.12037037037037036	0.009259259259259259
105	105	0.0101010101010101	0.0101010101010101	0.0101010101010101	0.07070707070707072	0.07070707070707072	0.1919191919191919	0.0101010101010101	0.0101010101010101	0.07070707070707072	0.10101010101010101	0.0101010101010101	0.0404040404040404	0.0404040404040404	0.10101010101010101	0.25252525252525254
106	106	0.0303030303030303	0.0303030303030303	0.21212121212121213	0.0303030303030303	0.1212121212121212	0.1212121212121212	0.0303030303030303	0.0303030303030303	0.0303030303030303	0.0303030303030303	0.0303030303030303	0.21212121212121213	0.0303030303030303	0.0303030303030303	0.0303030303030303
107	107	0.07291666666666667	0.07291666666666667	0.10416666666666667	0.010416666666666666	0.010416666666666666	0.19791666666666666	0.010416666666666666	0.041666666666666664	0.010416666666666666	0.07291666666666667	0.010416666666666666	0.13541666666666666	0.010416666666666666	0.041666666666666664	0.19791666666666666
108	108	0.03508771929824561	0.11403508771929824	0.03508771929824561	0.11403508771929824	0.008771929824561403	0.008771929824561403	0.008771929824561403	0.08771929824561404	0.008771929824561403	0.2192982456140351	0.16666666666666666	0.008771929824561403	0.16666666666666666	0.008771929824561403	0.008771929824561403
109	109	0.00641025641025641	0.14102564102564102	0.00641025641025641	0.10256410256410256	0.00641025641025641	0.00641025641025641	0.00641025641025641	0.08333333333333333	0.14102564102564102	0.00641025641025641	0.2948717948717949	0.00641025641025641	0.02564102564102564	0.00641025641025641	0.16025641025641027
110	110	0.43434343434343436	0.0101010101010101	0.0101010101010101	0.1616161616161616	0.0101010101010101	0.0101010101010101	0.0101010101010101	0.0101010101010101	0.0101010101010101	0.0101010101010101	0.0101010101010101	0.07070707070707072	0.0101010101010101	0.0101010101010101	0.2222222222222222
111	111	0.02564102564102564	0.02564102564102564	0.6410256410256411	0.02564102564102564	0.02564102564102564	0.02564102564102564	0.02564102564102564	0.02564102564102564	0.02564102564102564	0.02564102564102564	0.02564102564102564	0.02564102564102564	0.02564102564102564	0.02564102564102564	0.02564102564102564
112	112	0.41666666666666663	0.004901960784313725	0.06372549019607843	0.004901960784313725	0.004901960784313725	0.004901960784313725	0.004901960784313725	0.0196078431372549	0.0196078431372549	0.19607843137254902	0.004901960784313725	0.049019607843137254	0.0784313725490196	0.0196078431372549	0.10784313725490195
113	113	0.036036036036036036	0.036036036036036036	0.009009009009009009	0.14414414414414414	0.009009009009009009	0.009009009009009009	0.30630630630630634	0.036036036036036036	0.009009009009009009	0.0900900900900901	0.036036036036036036	0.0900900900900901	0.036036036036036036	0.036036036036036036	0.11711711711711711
114	114	0.010416666666666666	0.041666666666666664	0.041666666666666664	0.3854166666666667	0.010416666666666666	0.010416666666666666	0.07291666666666667	0.16666666666666666	0.010416666666666666	0.16666666666666666	0.010416666666666666	0.010416666666666666	0.041666666666666664	0.010416666666666666	0.010416666666666666
115	115	0.007407407407407407	0.007407407407407407	0.05185185185185186	0.007407407407407407	0.07407407407407408	0.11851851851851851	0.007407407407407407	0.11851851851851851	0.029629629629629627	0.007407407407407407	0.007407407407407407	0.007407407407407407	0.007407407407407407	0.007407407407407407	0.5407407407407407
116	116	0.01282051282051282	0.01282051282051282	0.01282051282051282	0.08974358974358974	0.12820512820512822	0.08974358974358974	0.01282051282051282	0.16666666666666666	0.08974358974358974	0.01282051282051282	0.01282051282051282	0.05128205128205128	0.28205128205128205	0.01282051282051282	0.01282051282051282
117	117	0.1212121212121212	0.007575757575757575	0.0303030303030303	0.007575757575757575	0.007575757575757575	0.0303030303030303	0.14393939393939392	0.007575757575757575	0.007575757575757575	0.09848484848484848	0.007575757575757575	0.0303030303030303	0.4621212121212121	0.007575757575757575	0.0303030303030303
118	118	0.008130081300813007	0.008130081300813007	0.03252032520325203	0.2764227642276423	0.008130081300813007	0.008130081300813007	0.008130081300813007	0.008130081300813007	0.15447154471544713	0.008130081300813007	0.03252032520325203	0.008130081300813007	0.17886178861788618	0.17886178861788618	0.08130081300813008
119	119	0.11827956989247311	0.005376344086021505	0.44086021505376344	0.005376344086021505	0.1021505376344086	0.005376344086021505	0.03763440860215054	0.005376344086021505	0.1827956989247312	0.005376344086021505	0.053763440860215055	0.005376344086021505	0.02150537634408602	0.005376344086021505	0.005376344086021505
120	120	0.007407407407407407	0.007407407407407407	0.007407407407407407	0.0962962962962963	0.007407407407407407	0.007407407407407407	0.029629629629629627	0.14074074074074072	0.007407407407407407	0.007407407407407407	0.029629629629629627	0.007407407407407407	0.05185185185185186	0.029629629629629627	0.5629629629629629
121	121	0.01515151515151515	0.01515151515151515	0.01515151515151515	0.28787878787878785	0.01515151515151515	0.01515151515151515	0.0606060606060606	0.19696969696969696	0.01515151515151515	0.0606060606060606	0.15151515151515152	0.01515151515151515	0.10606060606060606	0.01515151515151515	0.01515151515151515
122	122	0.12820512820512822	0.20512820512820512	0.01282051282051282	0.16666666666666666	0.01282051282051282	0.01282051282051282	0.01282051282051282	0.28205128205128205	0.01282051282051282	0.05128205128205128	0.05128205128205128	0.01282051282051282	0.01282051282051282	0.01282051282051282	0.01282051282051282
123	123	0.015873015873015872	0.06349206349206349	0.015873015873015872	0.015873015873015872	0.015873015873015872	0.30158730158730157	0.06349206349206349	0.015873015873015872	0.015873015873015872	0.015873015873015872	0.015873015873015872	0.015873015873015872	0.015873015873015872	0.30158730158730157	0.11111111111111112
124	124	0.029629629629629627	0.007407407407407407	0.05185185185185186	0.31851851851851853	0.007407407407407407	0.11851851851851851	0.007407407407407407	0.007407407407407407	0.029629629629629627	0.007407407407407407	0.007407407407407407	0.07407407407407408	0.2518518518518519	0.07407407407407408	0.007407407407407407
125	125	0.013333333333333332	0.013333333333333332	0.41333333333333333	0.013333333333333332	0.013333333333333332	0.013333333333333332	0.013333333333333332	0.013333333333333332	0.013333333333333332	0.05333333333333333	0.013333333333333332	0.09333333333333334	0.013333333333333332	0.29333333333333333	0.013333333333333332
126	126	0.008130081300813007	0.008130081300813007	0.08130081300813008	0.05691056910569106	0.008130081300813007	0.008130081300813007	0.39837398373983735	0.05691056910569106	0.08130081300813008	0.05691056910569106	0.1056910569105691	0.08130081300813008	0.008130081300813007	0.008130081300813007	0.03252032520325203
127	127	0.0784313725490196	0.0196078431372549	0.0784313725490196	0.0196078431372549	0.0196078431372549	0.0784313725490196	0.37254901960784315	0.0196078431372549	0.0196078431372549	0.0196078431372549	0.0196078431372549	0.0196078431372549	0.0784313725490196	0.0784313725490196	0.0784313725490196
