0	0	0.08108108108108109	0.4594594594594595	0.02702702702702703	0.16216216216216217	0.2702702702702703
1	1	0.05714285714285714	0.22857142857142856	0.17142857142857143	0.22857142857142856	0.3142857142857143
2	2	0.5	0.1590909090909091	0.09090909090909091	0.22727272727272727	0.022727272727272728
3	3	0.11475409836065574	0.5901639344262295	0.06557377049180328	0.09836065573770492	0.13114754098360656
4	4	0.20833333333333334	0.20833333333333334	0.16666666666666666	0.375	0.041666666666666664
5	5	0.15789473684210525	0.2631578947368421	0.10526315789473684	0.05263157894736842	0.42105263157894735
6	6	0.041666666666666664	0.16666666666666666	0.2916666666666667	0.125	0.375
7	7	0.21212121212121213	0.06060606060606061	0.5757575757575758	0.06060606060606061	0.09090909090909091
8	8	0.3870967741935484	0.06451612903225806	0.3870967741935484	0.12903225806451613	0.03225806451612903
9	9	0.25	0.125	0.125	0.125	0.375
10	10	0.5652173913043478	0.08695652173913043	0.043478260869565216	0.08695652173913043	0.21739130434782608
11	11	0.5789473684210527	0.10526315789473684	0.10526315789473684	0.05263157894736842	0.15789473684210525
12	12	0.11764705882352941	0.08823529411764706	0.20588235294117646	0.11764705882352941	0.47058823529411764
13	13	0.1891891891891892	0.05405405405405406	0.24324324324324326	0.2702702702702703	0.24324324324324326
14	14	0.027777777777777776	0.19444444444444445	0.08333333333333333	0.4166666666666667	0.2777777777777778
15	15	0.06818181818181818	0.29545454545454547	0.4090909090909091	0.09090909090909091	0.13636363636363635
16	16	0.1794871794871795	0.07692307692307693	0.46153846153846156	0.1282051282051282	0.15384615384615385
17	17	0.1	0.1	0.1	0.6	0.1
18	18	0.2903225806451613	0.25806451612903225	0.12903225806451613	0.25806451612903225	0.06451612903225806
19	19	0.1111111111111111	0.044444444444444446	0.7111111111111111	0.08888888888888889	0.044444444444444446
20	20	0.2222222222222222	0.2222222222222222	0.015873015873015872	0.031746031746031744	0.5079365079365079
21	21	0.09523809523809523	0.14285714285714285	0.047619047619047616	0.38095238095238093	0.3333333333333333
22	22	0.2857142857142857	0.45714285714285713	0.17142857142857143	0.02857142857142857	0.05714285714285714
23	23	0.16129032258064516	0.5483870967741935	0.06451612903225806	0.03225806451612903	0.1935483870967742
24	24	0.21621621621621623	0.08108108108108109	0.08108108108108109	0.02702702702702703	0.5945945945945946
25	25	0.03225806451612903	0.41935483870967744	0.25806451612903225	0.12903225806451613	0.16129032258064516
26	26	0.020833333333333332	0.0625	0.0625	0.7708333333333334	0.08333333333333333
27	27	0.15384615384615385	0.2564102564102564	0.358974358974359	0.20512820512820512	0.02564102564102564
28	28	0.2222222222222222	0.3333333333333333	0.2222222222222222	0.05555555555555555	0.16666666666666666
29	29	0.43902439024390244	0.12195121951219512	0.07317073170731707	0.0975609756097561	0.2682926829268293
30	30	0.05128205128205128	0.7435897435897436	0.02564102564102564	0.05128205128205128	0.1282051282051282
31	31	0.03333333333333333	0.13333333333333333	0.26666666666666666	0.5333333333333333	0.03333333333333333
32	32	0.17073170731707318	0.43902439024390244	0.1951219512195122	0.024390243902439025	0.17073170731707318
33	33	0.044444444444444446	0.6	0.044444444444444446	0.1111111111111111	0.2
34	34	0.22641509433962265	0.5283018867924528	0.05660377358490566	0.11320754716981132	0.07547169811320754
35	35	0.3142857142857143	0.22857142857142856	0.22857142857142856	0.05714285714285714	0.17142857142857143
36	36	0.029411764705882353	0.058823529411764705	0.08823529411764706	0.14705882352941177	0.6764705882352942
37	37	0.04878048780487805	0.36585365853658536	0.024390243902439025	0.24390243902439024	0.3170731707317073
38	38	0.16363636363636364	0.07272727272727272	0.01818181818181818	0.2	0.5454545454545454
39	39	0.3409090909090909	0.11363636363636363	0.022727272727272728	0.2727272727272727	0.25
40	40	0.1935483870967742	0.12903225806451613	0.0967741935483871	0.5161290322580645	0.06451612903225806
41	41	0.40350877192982454	0.15789473684210525	0.24561403508771928	0.017543859649122806	0.17543859649122806
42	42	0.11764705882352941	0.4117647058823529	0.11764705882352941	0.23529411764705882	0.11764705882352941
43	43	0.21052631578947367	0.23684210526315788	0.13157894736842105	0.13157894736842105	0.2894736842105263
44	44	0.4375	0.03125	0.15625	0.125	0.25
45	45	0.06779661016949153	0.01694915254237288	0.0847457627118644	0.6440677966101694	0.1864406779661017
46	46	0.3783783783783784	0.05405405405405406	0.4594594594594595	0.02702702702702703	0.08108108108108109
47	47	0.058823529411764705	0.29411764705882354	0.2647058823529412	0.23529411764705882	0.14705882352941177
48	48	0.05555555555555555	0.3888888888888889	0.2222222222222222	0.2222222222222222	0.1111111111111111
49	49	0.09523809523809523	0.047619047619047616	0.5476190476190477	0.19047619047619047	0.11904761904761904
