0	0	0.2765957446808511	0.2978723404255319	0.0851063829787234	0.1276595744680851	0.2127659574468085
1	1	0.47368421052631576	0.15789473684210525	0.05263157894736842	0.2631578947368421	0.05263157894736842
2	2	0.17391304347826086	0.043478260869565216	0.17391304347826086	0.5652173913043478	0.043478260869565216
3	3	0.25	0.125	0.125	0.375	0.125
4	4	0.07692307692307693	0.07692307692307693	0.6923076923076923	0.07692307692307693	0.07692307692307693
5	5	0.1282051282051282	0.48717948717948717	0.20512820512820512	0.07692307692307693	0.10256410256410256
6	6	0.2571428571428571	0.37142857142857144	0.05714285714285714	0.17142857142857143	0.14285714285714285
7	7	0.125	0.125	0.375	0.25	0.125
8	8	0.028985507246376812	0.028985507246376812	0.463768115942029	0.2608695652173913	0.21739130434782608
9	9	0.08333333333333333	0.3888888888888889	0.25	0.027777777777777776	0.25
10	10	0.07692307692307693	0.07692307692307693	0.11538461538461539	0.6923076923076923	0.038461538461538464
11	11	0.14285714285714285	0.09523809523809523	0.5238095238095238	0.09523809523809523	0.14285714285714285
12	12	0.02	0.1	0.56	0.04	0.28
13	13	0.22857142857142856	0.02857142857142857	0.17142857142857143	0.42857142857142855	0.14285714285714285
14	14	0.043478260869565216	0.43478260869565216	0.34782608695652173	0.08695652173913043	0.08695652173913043
15	15	0.06896551724137931	0.3103448275862069	0.034482758620689655	0.4482758620689655	0.13793103448275862
16	16	0.09090909090909091	0.36363636363636365	0.09090909090909091	0.2727272727272727	0.18181818181818182
17	17	0.12280701754385964	0.03508771929824561	0.03508771929824561	0.2631578947368421	0.543859649122807
18	18	0.4074074074074074	0.2222222222222222	0.14814814814814814	0.07407407407407407	0.14814814814814814
19	19	0.2857142857142857	0.14285714285714285	0.2857142857142857	0.14285714285714285	0.14285714285714285
20	20	0.06818181818181818	0.06818181818181818	0.18181818181818182	0.3181818181818182	0.36363636363636365
21	21	0.47619047619047616	0.3333333333333333	0.047619047619047616	0.047619047619047616	0.09523809523809523
22	22	0.21739130434782608	0.43478260869565216	0.17391304347826086	0.043478260869565216	0.13043478260869565
23	23	0.041666666666666664	0.375	0.020833333333333332	0.5416666666666666	0.020833333333333332
24	24	0.08823529411764706	0.058823529411764705	0.029411764705882353	0.6470588235294118	0.17647058823529413
25	25	0.0784313725490196	0.7254901960784313	0.058823529411764705	0.058823529411764705	0.0784313725490196
26	26	0.14	0.42	0.04	0.06	0.34
27	27	0.38461538461538464	0.07692307692307693	0.02564102564102564	0.41025641025641024	0.10256410256410256
28	28	0.03225806451612903	0.22580645161290322	0.41935483870967744	0.1935483870967742	0.12903225806451613
29	29	0.1	0.1	0.3	0.2	0.3
30	30	0.09302325581395349	0.46511627906976744	0.023255813953488372	0.3488372093023256	0.06976744186046512
31	31	0.2619047619047619	0.38095238095238093	0.09523809523809523	0.07142857142857142	0.19047619047619047
32	32	0.18421052631578946	0.18421052631578946	0.23684210526315788	0.05263157894736842	0.34210526315789475
33	33	0.07692307692307693	0.07692307692307693	0.6923076923076923	0.07692307692307693	0.07692307692307693
34	34	0.2413793103448276	0.06896551724137931	0.3793103448275862	0.06896551724137931	0.2413793103448276
35	35	0.18181818181818182	0.09090909090909091	0.36363636363636365	0.09090909090909091	0.2727272727272727
36	36	0.125	0.4166666666666667	0.16666666666666666	0.08333333333333333	0.20833333333333334
37	37	0.1111111111111111	0.5555555555555556	0.1111111111111111	0.1111111111111111	0.1111111111111111
38	38	0.1951219512195122	0.07317073170731707	0.2682926829268293	0.2926829268292683	0.17073170731707318
39	39	0.08333333333333333	0.5833333333333334	0.08333333333333333	0.16666666666666666	0.08333333333333333
40	40	0.17647058823529413	0.47058823529411764	0.058823529411764705	0.11764705882352941	0.17647058823529413
41	41	0.09090909090909091	0.38181818181818183	0.18181818181818182	0.21818181818181817	0.12727272727272726
42	42	0.38461538461538464	0.46153846153846156	0.038461538461538464	0.07692307692307693	0.038461538461538464
43	43	0.34615384615384615	0.3076923076923077	0.038461538461538464	0.15384615384615385	0.15384615384615385
44	44	0.11904761904761904	0.5714285714285714	0.023809523809523808	0.14285714285714285	0.14285714285714285
45	45	0.07142857142857142	0.05357142857142857	0.35714285714285715	0.08928571428571429	0.42857142857142855
46	46	0.22580645161290322	0.5161290322580645	0.12903225806451613	0.0967741935483871	0.03225806451612903
47	47	0.21428571428571427	0.03571428571428571	0.03571428571428571	0.6428571428571429	0.07142857142857142
48	48	0.14285714285714285	0.14285714285714285	0.2857142857142857	0.14285714285714285	0.2857142857142857
49	49	0.15789473684210525	0.5789473684210527	0.21052631578947367	0.02631578947368421	0.02631578947368421
50	50	0.2	0.08	0.28	0.32	0.12
51	51	0.11538461538461539	0.5769230769230769	0.23076923076923078	0.038461538461538464	0.038461538461538464
52	52	0.34615384615384615	0.07692307692307693	0.3076923076923077	0.23076923076923078	0.038461538461538464
53	53	0.125	0.25	0.25	0.25	0.125
54	54	0.14035087719298245	0.017543859649122806	0.631578947368421	0.10526315789473684	0.10526315789473684
55	55	0.07692307692307693	0.07692307692307693	0.6923076923076923	0.07692307692307693	0.07692307692307693
56	56	0.6551724137931034	0.1724137931034483	0.06896551724137931	0.06896551724137931	0.034482758620689655
57	57	0.05555555555555555	0.3055555555555556	0.027777777777777776	0.4722222222222222	0.1388888888888889
58	58	0.12903225806451613	0.0967741935483871	0.12903225806451613	0.3548387096774194	0.2903225806451613
59	59	0.05	0.15	0.05	0.65	0.1
60	60	0.15384615384615385	0.23076923076923078	0.3076923076923077	0.15384615384615385	0.15384615384615385
61	61	0.09375	0.0625	0.0625	0.1875	0.59375
62	62	0.2619047619047619	0.05952380952380952	0.05952380952380952	0.2857142857142857	0.3333333333333333
63	63	0.05263157894736842	0.2894736842105263	0.05263157894736842	0.5	0.10526315789473684
64	64	0.05128205128205128	0.5897435897435898	0.07692307692307693	0.2564102564102564	0.02564102564102564
65	65	0.20454545454545456	0.06818181818181818	0.13636363636363635	0.38636363636363635	0.20454545454545456
66	66	0.16129032258064516	0.41935483870967744	0.0967741935483871	0.03225806451612903	0.2903225806451613
67	67	0.13636363636363635	0.5227272727272727	0.06818181818181818	0.1590909090909091	0.11363636363636363
68	68	0.2962962962962963	0.18518518518518517	0.14814814814814814	0.14814814814814814	0.2222222222222222
69	69	0.2	0.04	0.44	0.24	0.08
70	70	0.42105263157894735	0.07894736842105263	0.23684210526315788	0.05263157894736842	0.21052631578947367
71	71	0.1	0.36666666666666664	0.03333333333333333	0.2	0.3
72	72	0.1	0.325	0.475	0.025	0.075
73	73	0.26	0.54	0.06	0.02	0.12
74	74	0.09090909090909091	0.4090909090909091	0.09090909090909091	0.045454545454545456	0.36363636363636365
75	75	0.12121212121212122	0.24242424242424243	0.30303030303030304	0.24242424242424243	0.09090909090909091
76	76	0.20689655172413793	0.5517241379310345	0.13793103448275862	0.06896551724137931	0.034482758620689655
77	77	0.10810810810810811	0.02702702702702703	0.05405405405405406	0.13513513513513514	0.6756756756756757
78	78	0.08	0.12	0.28	0.2	0.32
79	79	0.08571428571428572	0.42857142857142855	0.34285714285714286	0.02857142857142857	0.11428571428571428
80	80	0.16666666666666666	0.1	0.5333333333333333	0.13333333333333333	0.06666666666666667
81	81	0.17647058823529413	0.35294117647058826	0.029411764705882353	0.058823529411764705	0.38235294117647056
82	82	0.030303030303030304	0.030303030303030304	0.3333333333333333	0.15151515151515152	0.45454545454545453
83	83	0.3	0.2	0.06666666666666667	0.4	0.03333333333333333
84	84	0.6451612903225806	0.16129032258064516	0.03225806451612903	0.12903225806451613	0.03225806451612903
85	85	0.3125	0.03125	0.03125	0.125	0.5
86	86	0.08333333333333333	0.3333333333333333	0.08333333333333333	0.4166666666666667	0.08333333333333333
87	87	0.10526315789473684	0.10526315789473684	0.6842105263157895	0.05263157894736842	0.05263157894736842
88	88	0.17647058823529413	0.4117647058823529	0.058823529411764705	0.11764705882352941	0.23529411764705882
89	89	0.25	0.25	0.0625	0.25	0.1875
90	90	0.28	0.2	0.16	0.16	0.2
91	91	0.24489795918367346	0.5918367346938775	0.08163265306122448	0.061224489795918366	0.02040816326530612
92	92	0.32608695652173914	0.34782608695652173	0.021739130434782608	0.2608695652173913	0.043478260869565216
93	93	0.020833333333333332	0.041666666666666664	0.7291666666666666	0.10416666666666667	0.10416666666666667
94	94	0.1	0.1	0.3	0.2	0.3
95	95	0.3684210526315789	0.47368421052631576	0.05263157894736842	0.05263157894736842	0.05263157894736842
96	96	0.06451612903225806	0.6129032258064516	0.03225806451612903	0.16129032258064516	0.12903225806451613
97	97	0.5384615384615384	0.23076923076923078	0.09615384615384616	0.07692307692307693	0.057692307692307696
98	98	0.5476190476190477	0.09523809523809523	0.07142857142857142	0.19047619047619047	0.09523809523809523
99	99	0.3902439024390244	0.2682926829268293	0.14634146341463414	0.14634146341463414	0.04878048780487805
100	100	0.025	0.75	0.1	0.025	0.1
101	101	0.25806451612903225	0.12903225806451613	0.25806451612903225	0.1935483870967742	0.16129032258064516
102	102	0.14285714285714285	0.5714285714285714	0.047619047619047616	0.14285714285714285	0.09523809523809523
103	103	0.20689655172413793	0.3103448275862069	0.10344827586206896	0.06896551724137931	0.3103448275862069
104	104	0.09523809523809523	0.14285714285714285	0.14285714285714285	0.42857142857142855	0.19047619047619047
105	105	0.0625	0.40625	0.25	0.0625	0.21875
106	106	0.02702702702702703	0.13513513513513514	0.05405405405405406	0.5675675675675675	0.21621621621621623
107	107	0.08	0.08	0.32	0.48	0.04
108	108	0.14893617021276595	0.0425531914893617	0.7446808510638298	0.0425531914893617	0.02127659574468085
109	109	0.23809523809523808	0.09523809523809523	0.47619047619047616	0.09523809523809523	0.09523809523809523
110	110	0.3611111111111111	0.1111111111111111	0.25	0.08333333333333333	0.19444444444444445
111	111	0.14285714285714285	0.2857142857142857	0.2857142857142857	0.14285714285714285	0.14285714285714285
112	112	0.07692307692307693	0.07692307692307693	0.6923076923076923	0.07692307692307693	0.07692307692307693
113	113	0.29411764705882354	0.5	0.08823529411764706	0.058823529411764705	0.058823529411764705
114	114	0.11538461538461539	0.07692307692307693	0.19230769230769232	0.3076923076923077	0.3076923076923077
115	115	0.4	0.25	0.1	0.05	0.2
116	116	0.29411764705882354	0.11764705882352941	0.058823529411764705	0.058823529411764705	0.47058823529411764
117	117	0.4117647058823529	0.17647058823529413	0.029411764705882353	0.3235294117647059	0.058823529411764705
118	118	0.07894736842105263	0.2894736842105263	0.02631578947368421	0.34210526315789475	0.2631578947368421
119	119	0.38095238095238093	0.047619047619047616	0.09523809523809523	0.047619047619047616	0.42857142857142855
120	120	0.18181818181818182	0.18181818181818182	0.2727272727272727	0.09090909090909091	0.2727272727272727
121	121	0.16666666666666666	0.3333333333333333	0.1111111111111111	0.2777777777777778	0.1111111111111111
122	122	0.05555555555555555	0.3333333333333333	0.08333333333333333	0.4444444444444444	0.08333333333333333
123	123	0.08064516129032258	0.016129032258064516	0.5161290322580645	0.11290322580645161	0.27419354838709675
124	124	0.25	0.03125	0.03125	0.625	0.0625
125	125	0.06	0.04	0.08	0.14	0.68
126	126	0.3333333333333333	0.3888888888888889	0.19444444444444445	0.027777777777777776	0.05555555555555555
127	127	0.45098039215686275	0.0784313725490196	0.21568627450980393	0.0784313725490196	0.17647058823529413
128	128	0.35	0.05	0.2	0.2	0.2
129	129	0.02702702702702703	0.10810810810810811	0.05405405405405406	0.1891891891891892	0.6216216216216216
130	130	0.10714285714285714	0.03571428571428571	0.03571428571428571	0.7857142857142857	0.03571428571428571
131	131	0.16666666666666666	0.047619047619047616	0.23809523809523808	0.2619047619047619	0.2857142857142857
132	132	0.07692307692307693	0.07692307692307693	0.6923076923076923	0.07692307692307693	0.07692307692307693
133	133	0.3157894736842105	0.10526315789473684	0.21052631578947367	0.2631578947368421	0.10526315789473684
134	134	0.3125	0.16666666666666666	0.16666666666666666	0.2916666666666667	0.0625
135	135	0.08771929824561403	0.05263157894736842	0.14035087719298245	0.5263157894736842	0.19298245614035087
136	136	0.07142857142857142	0.5	0.17857142857142858	0.10714285714285714	0.14285714285714285
137	137	0.125	0.125	0.25	0.125	0.375
138	138	0.36	0.04	0.04	0.16	0.4
139	139	0.47368421052631576	0.02631578947368421	0.21052631578947367	0.23684210526315788	0.05263157894736842
140	140	0.25	0.3333333333333333	0.08333333333333333	0.08333333333333333	0.25
141	141	0.14285714285714285	0.42857142857142855	0.14285714285714285	0.14285714285714285	0.14285714285714285
142	142	0.34375	0.03125	0.0625	0.15625	0.40625
143	143	0.05	0.1	0.35	0.3	0.2
144	144	0.3103448275862069	0.10344827586206896	0.10344827586206896	0.20689655172413793	0.27586206896551724
145	145	0.23076923076923078	0.15384615384615385	0.2692307692307692	0.15384615384615385	0.19230769230769232
146	146	0.3076923076923077	0.2692307692307692	0.2692307692307692	0.038461538461538464	0.11538461538461539
147	147	0.13043478260869565	0.5652173913043478	0.06521739130434782	0.17391304347826086	0.06521739130434782
148	148	0.3333333333333333	0.30952380952380953	0.07142857142857142	0.16666666666666666	0.11904761904761904
149	149	0.3793103448275862	0.034482758620689655	0.20689655172413793	0.06896551724137931	0.3103448275862069
150	150	0.2903225806451613	0.2903225806451613	0.03225806451612903	0.16129032258064516	0.22580645161290322
151	151	0.10256410256410256	0.10256410256410256	0.3076923076923077	0.1794871794871795	0.3076923076923077
152	152	0.15384615384615385	0.07692307692307693	0.5384615384615384	0.15384615384615385	0.07692307692307693
153	153	0.3235294117647059	0.2647058823529412	0.029411764705882353	0.17647058823529413	0.20588235294117646
154	154	0.08333333333333333	0.6666666666666666	0.08333333333333333	0.08333333333333333	0.08333333333333333
155	155	0.041666666666666664	0.06944444444444445	0.125	0.16666666666666666	0.5972222222222222
156	156	0.1111111111111111	0.3888888888888889	0.16666666666666666	0.2222222222222222	0.1111111111111111
157	157	0.3181818181818182	0.18181818181818182	0.09090909090909091	0.18181818181818182	0.22727272727272727
158	158	0.029411764705882353	0.6470588235294118	0.058823529411764705	0.08823529411764706	0.17647058823529413
159	159	0.12121212121212122	0.06060606060606061	0.12121212121212122	0.6060606060606061	0.09090909090909091
160	160	0.030303030303030304	0.5454545454545454	0.21212121212121213	0.12121212121212122	0.09090909090909091
161	161	0.06666666666666667	0.6	0.1	0.13333333333333333	0.1
162	162	0.0625	0.25	0.125	0.3125	0.25
163	163	0.4	0.05	0.25	0.05	0.25
164	164	0.3225806451612903	0.1935483870967742	0.03225806451612903	0.3225806451612903	0.12903225806451613
165	165	0.21428571428571427	0.42857142857142855	0.07142857142857142	0.14285714285714285	0.14285714285714285
166	166	0.3	0.23333333333333334	0.06666666666666667	0.36666666666666664	0.03333333333333333
167	167	0.15384615384615385	0.038461538461538464	0.15384615384615385	0.23076923076923078	0.4230769230769231
168	168	0.07692307692307693	0.10256410256410256	0.15384615384615385	0.4358974358974359	0.23076923076923078
169	169	0.25	0.6041666666666666	0.020833333333333332	0.0625	0.0625
170	170	0.23809523809523808	0.36507936507936506	0.09523809523809523	0.2698412698412698	0.031746031746031744
171	171	0.7142857142857143	0.02857142857142857	0.05714285714285714	0.11428571428571428	0.08571428571428572
172	172	0.1111111111111111	0.48148148148148145	0.037037037037037035	0.3333333333333333	0.037037037037037035
173	173	0.36363636363636365	0.09090909090909091	0.09090909090909091	0.4090909090909091	0.045454545454545456
174	174	0.13333333333333333	0.6	0.06666666666666667	0.13333333333333333	0.06666666666666667
175	175	0.35	0.25	0.2	0.05	0.15
176	176	0.23529411764705882	0.17647058823529413	0.058823529411764705	0.29411764705882354	0.23529411764705882
177	177	0.15384615384615385	0.4230769230769231	0.23076923076923078	0.038461538461538464	0.15384615384615385
178	178	0.15151515151515152	0.12121212121212122	0.24242424242424243	0.45454545454545453	0.030303030303030304
179	179	0.0625	0.03125	0.125	0.40625	0.375
180	180	0.13953488372093023	0.046511627906976744	0.2558139534883721	0.2558139534883721	0.3023255813953488
181	181	0.3870967741935484	0.03225806451612903	0.2903225806451613	0.16129032258064516	0.12903225806451613
182	182	0.4	0.06666666666666667	0.3	0.06666666666666667	0.16666666666666666
183	183	0.14814814814814814	0.1111111111111111	0.07407407407407407	0.37037037037037035	0.2962962962962963
184	184	0.21875	0.03125	0.46875	0.15625	0.125
185	185	0.1	0.25	0.375	0.075	0.2
186	186	0.3333333333333333	0.08333333333333333	0.041666666666666664	0.375	0.16666666666666666
187	187	0.19148936170212766	0.3191489361702128	0.02127659574468085	0.3404255319148936	0.1276595744680851
188	188	0.20512820512820512	0.5384615384615384	0.10256410256410256	0.07692307692307693	0.07692307692307693
189	189	0.16666666666666666	0.08333333333333333	0.5	0.08333333333333333	0.16666666666666666
190	190	0.225	0.5	0.05	0.15	0.075
191	191	0.07692307692307693	0.15384615384615385	0.07692307692307693	0.46153846153846156	0.23076923076923078
192	192	0.3404255319148936	0.0851063829787234	0.19148936170212766	0.0425531914893617	0.3404255319148936
193	193	0.0625	0.671875	0.03125	0.078125	0.15625
194	194	0.024390243902439025	0.24390243902439024	0.0975609756097561	0.4146341463414634	0.21951219512195122
195	195	0.32432432432432434	0.3783783783783784	0.13513513513513514	0.05405405405405406	0.10810810810810811
196	196	0.5555555555555556	0.037037037037037035	0.037037037037037035	0.14814814814814814	0.2222222222222222
197	197	0.15384615384615385	0.11538461538461539	0.1346153846153846	0.038461538461538464	0.5576923076923077
198	198	0.023255813953488372	0.16279069767441862	0.6046511627906976	0.06976744186046512	0.13953488372093023
199	199	0.05405405405405406	0.5675675675675675	0.05405405405405406	0.2972972972972973	0.02702702702702703
200	200	0.15789473684210525	0.13157894736842105	0.39473684210526316	0.2894736842105263	0.02631578947368421
201	201	0.2857142857142857	0.09523809523809523	0.3333333333333333	0.19047619047619047	0.09523809523809523
202	202	0.23076923076923078	0.1794871794871795	0.23076923076923078	0.10256410256410256	0.2564102564102564
203	203	0.05263157894736842	0.6842105263157895	0.15789473684210525	0.05263157894736842	0.05263157894736842
204	204	0.075	0.025	0.475	0.375	0.05
205	205	0.0625	0.0625	0.375	0.125	0.375
206	206	0.30434782608695654	0.043478260869565216	0.043478260869565216	0.34782608695652173	0.2608695652173913
207	207	0.13636363636363635	0.022727272727272728	0.022727272727272728	0.1590909090909091	0.6590909090909091
208	208	0.12	0.04	0.12	0.28	0.44
209	209	0.024390243902439025	0.3170731707317073	0.1951219512195122	0.07317073170731707	0.3902439024390244
210	210	0.07692307692307693	0.07692307692307693	0.6923076923076923	0.07692307692307693	0.07692307692307693
211	211	0.43333333333333335	0.13333333333333333	0.03333333333333333	0.3	0.1
212	212	0.4594594594594595	0.08108108108108109	0.13513513513513514	0.1891891891891892	0.13513513513513514
213	213	0.26666666666666666	0.022222222222222223	0.06666666666666667	0.28888888888888886	0.35555555555555557
214	214	0.5	0.15	0.1	0.15	0.1
215	215	0.2857142857142857	0.015873015873015872	0.30158730158730157	0.12698412698412698	0.2698412698412698
216	216	0.6511627906976745	0.18604651162790697	0.09302325581395349	0.046511627906976744	0.023255813953488372
217	217	0.2	0.24	0.16	0.36	0.04
218	218	0.03225806451612903	0.25806451612903225	0.06451612903225806	0.4838709677419355	0.16129032258064516
219	219	0.03571428571428571	0.6785714285714286	0.07142857142857142	0.10714285714285714	0.10714285714285714
220	220	0.08888888888888889	0.1111111111111111	0.17777777777777778	0.4	0.2222222222222222
221	221	0.047619047619047616	0.2857142857142857	0.047619047619047616	0.47619047619047616	0.14285714285714285
222	222	0.06060606060606061	0.09090909090909091	0.7575757575757576	0.030303030303030304	0.06060606060606061
223	223	0.2222222222222222	0.3333333333333333	0.2962962962962963	0.07407407407407407	0.07407407407407407
224	224	0.14285714285714285	0.3333333333333333	0.19047619047619047	0.2857142857142857	0.047619047619047616
225	225	0.1	0.1	0.5	0.1	0.2
226	226	0.25	0.3181818181818182	0.022727272727272728	0.36363636363636365	0.045454545454545456
227	227	0.15789473684210525	0.42105263157894735	0.21052631578947367	0.15789473684210525	0.05263157894736842
228	228	0.14285714285714285	0.2857142857142857	0.09523809523809523	0.09523809523809523	0.38095238095238093
229	229	0.42857142857142855	0.047619047619047616	0.2857142857142857	0.09523809523809523	0.14285714285714285
230	230	0.2682926829268293	0.12195121951219512	0.0975609756097561	0.4878048780487805	0.024390243902439025
231	231	0.2	0.1	0.3	0.2	0.2
232	232	0.05	0.125	0.025	0.1	0.7
233	233	0.21428571428571427	0.5	0.07142857142857142	0.07142857142857142	0.14285714285714285
234	234	0.16666666666666666	0.08333333333333333	0.16666666666666666	0.08333333333333333	0.5
235	235	0.1111111111111111	0.25	0.16666666666666666	0.3055555555555556	0.16666666666666666
236	236	0.2682926829268293	0.14634146341463414	0.17073170731707318	0.36585365853658536	0.04878048780487805
237	237	0.07692307692307693	0.6153846153846154	0.11538461538461539	0.15384615384615385	0.038461538461538464
238	238	0.09302325581395349	0.7674418604651163	0.046511627906976744	0.023255813953488372	0.06976744186046512
239	239	0.03571428571428571	0.35714285714285715	0.25	0.14285714285714285	0.21428571428571427
240	240	0.4782608695652174	0.2608695652173913	0.043478260869565216	0.13043478260869565	0.08695652173913043
241	241	0.029411764705882353	0.29411764705882354	0.29411764705882354	0.058823529411764705	0.3235294117647059
242	242	0.14285714285714285	0.5	0.03571428571428571	0.10714285714285714	0.21428571428571427
243	243	0.05555555555555555	0.3611111111111111	0.08333333333333333	0.2777777777777778	0.2222222222222222
244	244	0.1	0.4	0.1	0.2	0.2
245	245	0.02857142857142857	0.2571428571428571	0.02857142857142857	0.4857142857142857	0.2
246	246	0.1935483870967742	0.06451612903225806	0.03225806451612903	0.3225806451612903	0.3870967741935484
247	247	0.041666666666666664	0.08333333333333333	0.7083333333333334	0.041666666666666664	0.125
248	248	0.023809523809523808	0.6190476190476191	0.07142857142857142	0.21428571428571427	0.07142857142857142
249	249	0.07142857142857142	0.07142857142857142	0.07142857142857142	0.2857142857142857	0.5
250	250	0.425	0.125	0.05	0.125	0.275
251	251	0.38095238095238093	0.38095238095238093	0.047619047619047616	0.14285714285714285	0.047619047619047616
252	252	0.07692307692307693	0.07692307692307693	0.6923076923076923	0.07692307692307693	0.07692307692307693
253	253	0.1	0.4	0.3	0.15	0.05
254	254	0.07142857142857142	0.21428571428571427	0.21428571428571427	0.2857142857142857	0.21428571428571427
255	255	0.40540540540540543	0.21621621621621623	0.24324324324324326	0.02702702702702703	0.10810810810810811
256	256	0.21875	0.1875	0.125	0.34375	0.125
257	257	0.11904761904761904	0.23809523809523808	0.2619047619047619	0.30952380952380953	0.07142857142857142
258	258	0.07692307692307693	0.2692307692307692	0.2692307692307692	0.07692307692307693	0.3076923076923077
259	259	0.2857142857142857	0.19047619047619047	0.09523809523809523	0.047619047619047616	0.38095238095238093
260	260	0.038461538461538464	0.7307692307692307	0.038461538461538464	0.15384615384615385	0.038461538461538464
261	261	0.10465116279069768	0.011627906976744186	0.05232558139534884	0.7034883720930233	0.12790697674418605
262	262	0.20512820512820512	0.48717948717948717	0.1794871794871795	0.07692307692307693	0.05128205128205128
263	263	0.05555555555555555	0.027777777777777776	0.19444444444444445	0.6944444444444444	0.027777777777777776
264	264	0.14285714285714285	0.023809523809523808	0.35714285714285715	0.2619047619047619	0.21428571428571427
265	265	0.058823529411764705	0.058823529411764705	0.35294117647058826	0.29411764705882354	0.23529411764705882
266	266	0.09090909090909091	0.06060606060606061	0.24242424242424243	0.18181818181818182	0.42424242424242425
267	267	0.14285714285714285	0.14285714285714285	0.2857142857142857	0.2857142857142857	0.14285714285714285
268	268	0.2857142857142857	0.47619047619047616	0.09523809523809523	0.047619047619047616	0.09523809523809523
269	269	0.06666666666666667	0.2	0.13333333333333333	0.26666666666666666	0.3333333333333333
270	270	0.06666666666666667	0.3333333333333333	0.2	0.3333333333333333	0.06666666666666667
271	271	0.10526315789473684	0.15789473684210525	0.15789473684210525	0.5263157894736842	0.05263157894736842
272	272	0.3611111111111111	0.19444444444444445	0.1111111111111111	0.05555555555555555	0.2777777777777778
273	273	0.1875	0.25	0.0625	0.25	0.25
274	274	0.3333333333333333	0.45454545454545453	0.030303030303030304	0.09090909090909091	0.09090909090909091
275	275	0.25	0.25	0.0625	0.125	0.3125
276	276	0.16666666666666666	0.25	0.3333333333333333	0.08333333333333333	0.16666666666666666
277	277	0.09523809523809523	0.14285714285714285	0.35714285714285715	0.09523809523809523	0.30952380952380953
278	278	0.17391304347826086	0.08695652173913043	0.043478260869565216	0.17391304347826086	0.5217391304347826
279	279	0.041666666666666664	0.08333333333333333	0.7916666666666666	0.041666666666666664	0.041666666666666664
280	280	0.09090909090909091	0.45454545454545453	0.18181818181818182	0.18181818181818182	0.09090909090909091
281	281	0.47058823529411764	0.11764705882352941	0.23529411764705882	0.11764705882352941	0.058823529411764705
282	282	0.5	0.15	0.05	0.1	0.2
283	283	0.18518518518518517	0.1111111111111111	0.2962962962962963	0.037037037037037035	0.37037037037037035
284	284	0.41304347826086957	0.1956521739130435	0.2391304347826087	0.08695652173913043	0.06521739130434782
285	285	0.09803921568627451	0.39215686274509803	0.17647058823529413	0.0196078431372549	0.3137254901960784
286	286	0.05405405405405406	0.5675675675675675	0.05405405405405406	0.24324324324324326	0.08108108108108109
287	287	0.29411764705882354	0.11764705882352941	0.38235294117647056	0.029411764705882353	0.17647058823529413
288	288	0.45454545454545453	0.11363636363636363	0.06818181818181818	0.29545454545454547	0.06818181818181818
289	289	0.42857142857142855	0.14285714285714285	0.14285714285714285	0.14285714285714285	0.14285714285714285
290	290	0.15789473684210525	0.15789473684210525	0.42105263157894735	0.10526315789473684	0.15789473684210525
291	291	0.4	0.2857142857142857	0.11428571428571428	0.11428571428571428	0.08571428571428572
292	292	0.0625	0.0625	0.4375	0.125	0.3125
293	293	0.2826086956521739	0.021739130434782608	0.17391304347826086	0.2826086956521739	0.2391304347826087
