<<<<<<< HEAD
0	0	0.38235294117647056	0.058823529411764705	0.08823529411764706	0.058823529411764705	0.4117647058823529
1	1	0.05263157894736842	0.15789473684210525	0.5263157894736842	0.15789473684210525	0.10526315789473684
2	2	0.09090909090909091	0.22727272727272727	0.18181818181818182	0.4090909090909091	0.09090909090909091
3	3	0.23255813953488372	0.023255813953488372	0.023255813953488372	0.16279069767441862	0.5581395348837209
4	4	0.07692307692307693	0.15384615384615385	0.48717948717948717	0.02564102564102564	0.2564102564102564
5	5	0.043478260869565216	0.34782608695652173	0.30434782608695654	0.2608695652173913	0.043478260869565216
6	6	0.34375	0.0625	0.1875	0.34375	0.0625
7	7	0.2553191489361702	0.10638297872340426	0.1276595744680851	0.3404255319148936	0.1702127659574468
8	8	0.47368421052631576	0.05263157894736842	0.15789473684210525	0.15789473684210525	0.15789473684210525
9	9	0.02127659574468085	0.3191489361702128	0.10638297872340426	0.40425531914893614	0.14893617021276595
10	10	0.03225806451612903	0.03225806451612903	0.06451612903225806	0.03225806451612903	0.8387096774193549
11	11	0.4444444444444444	0.07407407407407407	0.037037037037037035	0.07407407407407407	0.37037037037037035
12	12	0.08333333333333333	0.3541666666666667	0.1875	0.16666666666666666	0.20833333333333334
13	13	0.07692307692307693	0.07692307692307693	0.6923076923076923	0.07692307692307693	0.07692307692307693
14	14	0.11538461538461539	0.2692307692307692	0.2692307692307692	0.11538461538461539	0.23076923076923078
15	15	0.07142857142857142	0.047619047619047616	0.6428571428571429	0.09523809523809523	0.14285714285714285
16	16	0.15	0.23333333333333334	0.18333333333333332	0.23333333333333334	0.2
17	17	0.23809523809523808	0.14285714285714285	0.2857142857142857	0.047619047619047616	0.2857142857142857
18	18	0.2631578947368421	0.15789473684210525	0.34210526315789475	0.18421052631578946	0.05263157894736842
19	19	0.22580645161290322	0.3225806451612903	0.06451612903225806	0.12903225806451613	0.25806451612903225
20	20	0.1	0.3	0.06	0.2	0.34
21	21	0.1794871794871795	0.15384615384615385	0.1282051282051282	0.1794871794871795	0.358974358974359
22	22	0.29310344827586204	0.1724137931034483	0.10344827586206896	0.08620689655172414	0.3448275862068966
23	23	0.09090909090909091	0.09090909090909091	0.2727272727272727	0.45454545454545453	0.09090909090909091
24	24	0.05128205128205128	0.1282051282051282	0.48717948717948717	0.23076923076923078	0.10256410256410256
25	25	0.5405405405405406	0.05405405405405406	0.08108108108108109	0.24324324324324326	0.08108108108108109
26	26	0.3541666666666667	0.2708333333333333	0.125	0.10416666666666667	0.14583333333333334
27	27	0.52	0.14	0.12	0.2	0.02
28	28	0.02564102564102564	0.07692307692307693	0.05128205128205128	0.4358974358974359	0.41025641025641024
29	29	0.05405405405405406	0.05405405405405406	0.7297297297297297	0.13513513513513514	0.02702702702702703
30	30	0.6818181818181818	0.13636363636363635	0.045454545454545456	0.045454545454545456	0.09090909090909091
31	31	0.36363636363636365	0.045454545454545456	0.2727272727272727	0.2727272727272727	0.045454545454545456
32	32	0.08333333333333333	0.08333333333333333	0.375	0.041666666666666664	0.4166666666666667
33	33	0.2222222222222222	0.16666666666666666	0.3611111111111111	0.2222222222222222	0.027777777777777776
34	34	0.21875	0.28125	0.0625	0.0625	0.375
35	35	0.48484848484848486	0.12121212121212122	0.21212121212121213	0.09090909090909091	0.09090909090909091
36	36	0.21621621621621623	0.13513513513513514	0.3783783783783784	0.05405405405405406	0.21621621621621623
37	37	0.2777777777777778	0.1111111111111111	0.5277777777777778	0.05555555555555555	0.027777777777777776
38	38	0.17777777777777778	0.1111111111111111	0.1111111111111111	0.4666666666666667	0.13333333333333333
39	39	0.16666666666666666	0.08333333333333333	0.3333333333333333	0.25	0.16666666666666666
40	40	0.6333333333333333	0.03333333333333333	0.2	0.1	0.03333333333333333
41	41	0.041666666666666664	0.041666666666666664	0.5833333333333334	0.2916666666666667	0.041666666666666664
42	42	0.1875	0.375	0.3333333333333333	0.08333333333333333	0.020833333333333332
43	43	0.14814814814814814	0.07407407407407407	0.07407407407407407	0.4444444444444444	0.25925925925925924
44	44	0.030303030303030304	0.15151515151515152	0.06060606060606061	0.48484848484848486	0.2727272727272727
45	45	0.0975609756097561	0.07317073170731707	0.17073170731707318	0.36585365853658536	0.2926829268292683
46	46	0.08333333333333333	0.20833333333333334	0.20833333333333334	0.125	0.375
47	47	0.07272727272727272	0.01818181818181818	0.38181818181818183	0.12727272727272726	0.4
48	48	0.3793103448275862	0.20689655172413793	0.13793103448275862	0.1724137931034483	0.10344827586206896
49	49	0.034482758620689655	0.13793103448275862	0.6896551724137931	0.10344827586206896	0.034482758620689655
50	50	0.05660377358490566	0.11320754716981132	0.2641509433962264	0.16981132075471697	0.39622641509433965
51	51	0.0625	0.328125	0.140625	0.265625	0.203125
52	52	0.09090909090909091	0.09090909090909091	0.18181818181818182	0.2727272727272727	0.36363636363636365
53	53	0.1	0.1	0.1	0.6	0.1
54	54	0.047619047619047616	0.2857142857142857	0.047619047619047616	0.38095238095238093	0.23809523809523808
55	55	0.21875	0.0625	0.40625	0.28125	0.03125
56	56	0.3076923076923077	0.07692307692307693	0.07692307692307693	0.38461538461538464	0.15384615384615385
57	57	0.2222222222222222	0.16666666666666666	0.3333333333333333	0.16666666666666666	0.1111111111111111
58	58	0.12121212121212122	0.15151515151515152	0.06060606060606061	0.6060606060606061	0.06060606060606061
59	59	0.2916666666666667	0.125	0.08333333333333333	0.16666666666666666	0.3333333333333333
60	60	0.2962962962962963	0.18518518518518517	0.14814814814814814	0.2962962962962963	0.07407407407407407
61	61	0.06666666666666667	0.16666666666666666	0.06666666666666667	0.4	0.3
62	62	0.10810810810810811	0.43243243243243246	0.1891891891891892	0.21621621621621623	0.05405405405405406
63	63	0.07142857142857142	0.05357142857142857	0.3392857142857143	0.32142857142857145	0.21428571428571427
64	64	0.2222222222222222	0.1111111111111111	0.1111111111111111	0.3333333333333333	0.2222222222222222
65	65	0.10344827586206896	0.4827586206896552	0.1724137931034483	0.20689655172413793	0.034482758620689655
66	66	0.6346153846153846	0.057692307692307696	0.19230769230769232	0.057692307692307696	0.057692307692307696
67	67	0.07692307692307693	0.07692307692307693	0.6923076923076923	0.07692307692307693	0.07692307692307693
68	68	0.08333333333333333	0.20833333333333334	0.375	0.08333333333333333	0.25
69	69	0.18181818181818182	0.4090909090909091	0.09090909090909091	0.045454545454545456	0.2727272727272727
70	70	0.023255813953488372	0.046511627906976744	0.023255813953488372	0.046511627906976744	0.8604651162790697
71	71	0.0625	0.40625	0.3125	0.03125	0.1875
72	72	0.22580645161290322	0.12903225806451613	0.41935483870967744	0.1935483870967742	0.03225806451612903
73	73	0.030303030303030304	0.06060606060606061	0.45454545454545453	0.42424242424242425	0.030303030303030304
74	74	0.1875	0.25	0.0625	0.125	0.375
75	75	0.08333333333333333	0.041666666666666664	0.6666666666666666	0.16666666666666666	0.041666666666666664
76	76	0.02127659574468085	0.2127659574468085	0.5957446808510638	0.02127659574468085	0.14893617021276595
77	77	0.25	0.25	0.125	0.125	0.25
78	78	0.16326530612244897	0.20408163265306123	0.04081632653061224	0.02040816326530612	0.5714285714285714
79	79	0.6	0.2	0.06666666666666667	0.06666666666666667	0.06666666666666667
80	80	0.1794871794871795	0.3333333333333333	0.1282051282051282	0.1282051282051282	0.23076923076923078
81	81	0.07407407407407407	0.5185185185185185	0.18518518518518517	0.18518518518518517	0.037037037037037035
82	82	0.07692307692307693	0.07692307692307693	0.6923076923076923	0.07692307692307693	0.07692307692307693
83	83	0.10869565217391304	0.5217391304347826	0.08695652173913043	0.17391304347826086	0.10869565217391304
84	84	0.4	0.12	0.24	0.12	0.12
85	85	0.0625	0.0625	0.4375	0.125	0.3125
86	86	0.15	0.025	0.025	0.525	0.275
87	87	0.07692307692307693	0.07692307692307693	0.6923076923076923	0.07692307692307693	0.07692307692307693
88	88	0.07692307692307693	0.23076923076923078	0.23076923076923078	0.07692307692307693	0.38461538461538464
89	89	0.16216216216216217	0.08108108108108109	0.08108108108108109	0.21621621621621623	0.4594594594594595
90	90	0.375	0.28125	0.03125	0.0625	0.25
91	91	0.08	0.04	0.6	0.06	0.22
92	92	0.05555555555555555	0.2777777777777778	0.4444444444444444	0.1111111111111111	0.1111111111111111
93	93	0.16666666666666666	0.08333333333333333	0.5	0.16666666666666666	0.08333333333333333
94	94	0.05172413793103448	0.017241379310344827	0.05172413793103448	0.06896551724137931	0.8103448275862069
95	95	0.058823529411764705	0.3235294117647059	0.17647058823529413	0.11764705882352941	0.3235294117647059
96	96	0.023809523809523808	0.14285714285714285	0.2857142857142857	0.47619047619047616	0.07142857142857142
97	97	0.23076923076923078	0.07692307692307693	0.3076923076923077	0.15384615384615385	0.23076923076923078
98	98	0.14285714285714285	0.14285714285714285	0.19047619047619047	0.11904761904761904	0.40476190476190477
99	99	0.06060606060606061	0.18181818181818182	0.030303030303030304	0.5454545454545454	0.18181818181818182
100	100	0.16666666666666666	0.08333333333333333	0.3333333333333333	0.16666666666666666	0.25
101	101	0.10526315789473684	0.15789473684210525	0.2631578947368421	0.2631578947368421	0.21052631578947367
102	102	0.7272727272727273	0.09090909090909091	0.09090909090909091	0.045454545454545456	0.045454545454545456
103	103	0.31666666666666665	0.25	0.4	0.016666666666666666	0.016666666666666666
104	104	0.5277777777777778	0.08333333333333333	0.2222222222222222	0.1111111111111111	0.05555555555555555
105	105	0.06060606060606061	0.24242424242424243	0.3333333333333333	0.21212121212121213	0.15151515151515152
106	106	0.09090909090909091	0.45454545454545453	0.18181818181818182	0.09090909090909091	0.18181818181818182
107	107	0.1875	0.59375	0.15625	0.03125	0.03125
108	108	0.02631578947368421	0.21052631578947367	0.07894736842105263	0.13157894736842105	0.5526315789473685
109	109	0.11538461538461539	0.057692307692307696	0.057692307692307696	0.4423076923076923	0.3269230769230769
110	110	0.15151515151515152	0.3333333333333333	0.21212121212121213	0.12121212121212122	0.18181818181818182
111	111	0.07692307692307693	0.07692307692307693	0.6923076923076923	0.07692307692307693	0.07692307692307693
112	112	0.19117647058823528	0.3382352941176471	0.04411764705882353	0.17647058823529413	0.25
113	113	0.10810810810810811	0.35135135135135137	0.13513513513513514	0.1891891891891892	0.21621621621621623
114	114	0.375	0.03125	0.125	0.3125	0.15625
115	115	0.15555555555555556	0.044444444444444446	0.17777777777777778	0.6	0.022222222222222223
116	116	0.2692307692307692	0.19230769230769232	0.19230769230769232	0.11538461538461539	0.23076923076923078
117	117	0.022727272727272728	0.45454545454545453	0.1590909090909091	0.09090909090909091	0.2727272727272727
118	118	0.1951219512195122	0.07317073170731707	0.0975609756097561	0.5853658536585366	0.04878048780487805
119	119	0.16129032258064516	0.04838709677419355	0.25806451612903225	0.0967741935483871	0.43548387096774194
120	120	0.08888888888888889	0.1111111111111111	0.2222222222222222	0.5555555555555556	0.022222222222222223
121	121	0.13636363636363635	0.18181818181818182	0.045454545454545456	0.5909090909090909	0.045454545454545456
122	122	0.34615384615384615	0.038461538461538464	0.11538461538461539	0.23076923076923078	0.2692307692307692
123	123	0.19047619047619047	0.09523809523809523	0.14285714285714285	0.19047619047619047	0.38095238095238093
124	124	0.1111111111111111	0.1111111111111111	0.35555555555555557	0.3333333333333333	0.08888888888888889
125	125	0.2	0.16	0.08	0.48	0.08
126	126	0.0975609756097561	0.5853658536585366	0.04878048780487805	0.24390243902439024	0.024390243902439025
127	127	0.058823529411764705	0.29411764705882354	0.11764705882352941	0.47058823529411764	0.058823529411764705
128	128	0.1	0.1	0.1	0.6	0.1
129	129	0.2702702702702703	0.02702702702702703	0.24324324324324326	0.35135135135135137	0.10810810810810811
130	130	0.1	0.1	0.1	0.6	0.1
131	131	0.07142857142857142	0.2857142857142857	0.07142857142857142	0.2857142857142857	0.2857142857142857
132	132	0.22727272727272727	0.22727272727272727	0.09090909090909091	0.2727272727272727	0.18181818181818182
133	133	0.25925925925925924	0.07407407407407407	0.18518518518518517	0.4444444444444444	0.037037037037037035
134	134	0.06451612903225806	0.5483870967741935	0.03225806451612903	0.12903225806451613	0.22580645161290322
135	135	0.2631578947368421	0.15789473684210525	0.47368421052631576	0.05263157894736842	0.05263157894736842
136	136	0.25	0.17857142857142858	0.4642857142857143	0.07142857142857142	0.03571428571428571
137	137	0.047619047619047616	0.14285714285714285	0.23809523809523808	0.09523809523809523	0.47619047619047616
138	138	0.14285714285714285	0.03571428571428571	0.07142857142857142	0.6785714285714286	0.07142857142857142
139	139	0.2	0.2	0.1	0.4	0.1
140	140	0.06896551724137931	0.06896551724137931	0.6896551724137931	0.13793103448275862	0.034482758620689655
141	141	0.043478260869565216	0.6521739130434783	0.13043478260869565	0.043478260869565216	0.13043478260869565
142	142	0.2857142857142857	0.23809523809523808	0.14285714285714285	0.19047619047619047	0.14285714285714285
143	143	0.058823529411764705	0.17647058823529413	0.4411764705882353	0.14705882352941177	0.17647058823529413
144	144	0.1388888888888889	0.19444444444444445	0.027777777777777776	0.3888888888888889	0.25
145	145	0.18	0.26	0.1	0.14	0.32
146	146	0.15555555555555556	0.022222222222222223	0.022222222222222223	0.7555555555555555	0.044444444444444446
147	147	0.05714285714285714	0.22857142857142856	0.17142857142857143	0.2	0.34285714285714286
148	148	0.1111111111111111	0.05555555555555555	0.6111111111111112	0.1111111111111111	0.1111111111111111
149	149	0.3125	0.3958333333333333	0.020833333333333332	0.10416666666666667	0.16666666666666666
150	150	0.04	0.12	0.28	0.2	0.36
151	151	0.14285714285714285	0.19047619047619047	0.19047619047619047	0.42857142857142855	0.047619047619047616
152	152	0.07692307692307693	0.07692307692307693	0.6923076923076923	0.07692307692307693	0.07692307692307693
153	153	0.029411764705882353	0.029411764705882353	0.38235294117647056	0.4117647058823529	0.14705882352941177
154	154	0.3076923076923077	0.1346153846153846	0.34615384615384615	0.07692307692307693	0.1346153846153846
155	155	0.1	0.1	0.4	0.1	0.3
156	156	0.1	0.3	0.025	0.525	0.05
157	157	0.5142857142857142	0.11428571428571428	0.11428571428571428	0.2	0.05714285714285714
158	158	0.07692307692307693	0.07692307692307693	0.6923076923076923	0.07692307692307693	0.07692307692307693
159	159	0.32	0.04	0.12	0.04	0.48
160	160	0.07142857142857142	0.5	0.07142857142857142	0.2857142857142857	0.07142857142857142
161	161	0.3333333333333333	0.02564102564102564	0.2564102564102564	0.05128205128205128	0.3333333333333333
162	162	0.2564102564102564	0.15384615384615385	0.10256410256410256	0.05128205128205128	0.4358974358974359
163	163	0.16666666666666666	0.16666666666666666	0.3333333333333333	0.08333333333333333	0.25
164	164	0.037037037037037035	0.2037037037037037	0.037037037037037035	0.07407407407407407	0.6481481481481481
165	165	0.09090909090909091	0.09090909090909091	0.18181818181818182	0.45454545454545453	0.18181818181818182
166	166	0.024390243902439025	0.3902439024390244	0.4878048780487805	0.07317073170731707	0.024390243902439025
167	167	0.2647058823529412	0.20588235294117646	0.38235294117647056	0.08823529411764706	0.058823529411764705
168	168	0.22727272727272727	0.2727272727272727	0.22727272727272727	0.13636363636363635	0.13636363636363635
169	169	0.25	0.09375	0.15625	0.0625	0.4375
170	170	0.15789473684210525	0.3684210526315789	0.3157894736842105	0.10526315789473684	0.05263157894736842
171	171	0.0625	0.59375	0.09375	0.0625	0.1875
172	172	0.07317073170731707	0.43902439024390244	0.21951219512195122	0.14634146341463414	0.12195121951219512
173	173	0.07142857142857142	0.07142857142857142	0.42857142857142855	0.2857142857142857	0.14285714285714285
174	174	0.15	0.05	0.4	0.05	0.35
175	175	0.05	0.1	0.05	0.45	0.35
176	176	0.05405405405405406	0.32432432432432434	0.2702702702702703	0.10810810810810811	0.24324324324324326
177	177	0.5116279069767442	0.32558139534883723	0.046511627906976744	0.09302325581395349	0.023255813953488372
178	178	0.09090909090909091	0.09090909090909091	0.18181818181818182	0.5	0.13636363636363635
179	179	0.08333333333333333	0.16666666666666666	0.041666666666666664	0.125	0.5833333333333334
180	180	0.125	0.4	0.05	0.325	0.1
181	181	0.175	0.05	0.325	0.325	0.125
182	182	0.030303030303030304	0.21212121212121213	0.2727272727272727	0.09090909090909091	0.3939393939393939
183	183	0.1568627450980392	0.1568627450980392	0.0196078431372549	0.5686274509803921	0.09803921568627451
184	184	0.23529411764705882	0.11764705882352941	0.058823529411764705	0.47058823529411764	0.11764705882352941
185	185	0.14285714285714285	0.07142857142857142	0.14285714285714285	0.21428571428571427	0.42857142857142855
186	186	0.3103448275862069	0.10344827586206896	0.1724137931034483	0.3448275862068966	0.06896551724137931
187	187	0.06451612903225806	0.03225806451612903	0.41935483870967744	0.16129032258064516	0.3225806451612903
188	188	0.375	0.25	0.21875	0.125	0.03125
189	189	0.24444444444444444	0.28888888888888886	0.044444444444444446	0.15555555555555556	0.26666666666666666
190	190	0.5111111111111111	0.24444444444444444	0.06666666666666667	0.1111111111111111	0.06666666666666667
191	191	0.4358974358974359	0.1282051282051282	0.02564102564102564	0.23076923076923078	0.1794871794871795
192	192	0.603448275862069	0.017241379310344827	0.13793103448275862	0.15517241379310345	0.08620689655172414
193	193	0.3023255813953488	0.16279069767441862	0.2558139534883721	0.06976744186046512	0.20930232558139536
194	194	0.07142857142857142	0.07142857142857142	0.35714285714285715	0.21428571428571427	0.2857142857142857
195	195	0.16	0.28	0.36	0.12	0.08
196	196	0.07692307692307693	0.07692307692307693	0.6923076923076923	0.07692307692307693	0.07692307692307693
197	197	0.1	0.1	0.1	0.6	0.1
198	198	0.06976744186046512	0.4883720930232558	0.046511627906976744	0.20930232558139536	0.18604651162790697
199	199	0.1111111111111111	0.1111111111111111	0.1111111111111111	0.1111111111111111	0.5555555555555556
200	200	0.0967741935483871	0.1935483870967742	0.2903225806451613	0.25806451612903225	0.16129032258064516
201	201	0.1875	0.09375	0.1875	0.40625	0.125
202	202	0.3142857142857143	0.14285714285714285	0.08571428571428572	0.34285714285714286	0.11428571428571428
203	203	0.1	0.2	0.5	0.1	0.1
204	204	0.1111111111111111	0.037037037037037035	0.2222222222222222	0.4444444444444444	0.18518518518518517
205	205	0.05555555555555555	0.05555555555555555	0.4444444444444444	0.16666666666666666	0.2777777777777778
206	206	0.6060606060606061	0.09090909090909091	0.24242424242424243	0.030303030303030304	0.030303030303030304
207	207	0.027777777777777776	0.05555555555555555	0.027777777777777776	0.5555555555555556	0.3333333333333333
208	208	0.1111111111111111	0.06666666666666667	0.5555555555555556	0.022222222222222223	0.24444444444444444
209	209	0.12	0.6	0.12	0.12	0.04
210	210	0.4473684210526316	0.21052631578947367	0.18421052631578946	0.10526315789473684	0.05263157894736842
211	211	0.25	0.057692307692307696	0.19230769230769232	0.28846153846153844	0.21153846153846154
212	212	0.5384615384615384	0.038461538461538464	0.11538461538461539	0.038461538461538464	0.2692307692307692
213	213	0.02857142857142857	0.11428571428571428	0.22857142857142856	0.2571428571428571	0.37142857142857144
214	214	0.4090909090909091	0.11363636363636363	0.022727272727272728	0.022727272727272728	0.4318181818181818
215	215	0.41818181818181815	0.09090909090909091	0.01818181818181818	0.16363636363636364	0.3090909090909091
216	216	0.09090909090909091	0.36363636363636365	0.2727272727272727	0.18181818181818182	0.09090909090909091
217	217	0.1	0.1	0.5	0.1	0.2
218	218	0.12244897959183673	0.40816326530612246	0.02040816326530612	0.08163265306122448	0.3673469387755102
219	219	0.03571428571428571	0.17857142857142858	0.07142857142857142	0.10714285714285714	0.6071428571428571
220	220	0.7037037037037037	0.037037037037037035	0.037037037037037035	0.07407407407407407	0.14814814814814814
221	221	0.37142857142857144	0.14285714285714285	0.02857142857142857	0.14285714285714285	0.3142857142857143
222	222	0.3076923076923077	0.15384615384615385	0.23076923076923078	0.23076923076923078	0.07692307692307693
223	223	0.3	0.1	0.4	0.1	0.1
224	224	0.12121212121212122	0.15151515151515152	0.06060606060606061	0.42424242424242425	0.24242424242424243
225	225	0.041666666666666664	0.25	0.125	0.041666666666666664	0.5416666666666666
226	226	0.25	0.08333333333333333	0.25	0.3333333333333333	0.08333333333333333
227	227	0.6190476190476191	0.11904761904761904	0.07142857142857142	0.047619047619047616	0.14285714285714285
228	228	0.038461538461538464	0.0641025641025641	0.11538461538461539	0.7051282051282052	0.07692307692307693
229	229	0.25	0.25	0.125	0.1875	0.1875
230	230	0.28	0.24	0.2	0.2	0.08
231	231	0.5892857142857143	0.16071428571428573	0.05357142857142857	0.17857142857142858	0.017857142857142856
232	232	0.043478260869565216	0.08695652173913043	0.5217391304347826	0.043478260869565216	0.30434782608695654
233	233	0.1	0.1	0.1	0.6	0.1
234	234	0.5416666666666666	0.041666666666666664	0.3333333333333333	0.041666666666666664	0.041666666666666664
235	235	0.02631578947368421	0.02631578947368421	0.8947368421052632	0.02631578947368421	0.02631578947368421
236	236	0.11428571428571428	0.5571428571428572	0.05714285714285714	0.07142857142857142	0.2
237	237	0.3142857142857143	0.2857142857142857	0.14285714285714285	0.17142857142857143	0.08571428571428572
238	238	0.07692307692307693	0.4230769230769231	0.15384615384615385	0.3076923076923077	0.038461538461538464
239	239	0.3488372093023256	0.2558139534883721	0.18604651162790697	0.06976744186046512	0.13953488372093023
240	240	0.15384615384615385	0.07692307692307693	0.1282051282051282	0.1282051282051282	0.5128205128205128
241	241	0.047619047619047616	0.09523809523809523	0.5238095238095238	0.19047619047619047	0.14285714285714285
242	242	0.058823529411764705	0.5882352941176471	0.058823529411764705	0.11764705882352941	0.17647058823529413
243	243	0.22857142857142856	0.4857142857142857	0.11428571428571428	0.11428571428571428	0.05714285714285714
244	244	0.16666666666666666	0.047619047619047616	0.2857142857142857	0.16666666666666666	0.3333333333333333
245	245	0.38636363636363635	0.06818181818181818	0.20454545454545456	0.29545454545454547	0.045454545454545456
246	246	0.046511627906976744	0.13953488372093023	0.46511627906976744	0.09302325581395349	0.2558139534883721
247	247	0.10526315789473684	0.17543859649122806	0.24561403508771928	0.42105263157894735	0.05263157894736842
248	248	0.6086956521739131	0.043478260869565216	0.21739130434782608	0.043478260869565216	0.08695652173913043
249	249	0.1891891891891892	0.5135135135135135	0.16216216216216217	0.08108108108108109	0.05405405405405406
250	250	0.17777777777777778	0.37777777777777777	0.3333333333333333	0.044444444444444446	0.06666666666666667
251	251	0.05	0.2	0.3	0.4	0.05
252	252	0.4444444444444444	0.07407407407407407	0.037037037037037035	0.037037037037037035	0.4074074074074074
253	253	0.23529411764705882	0.23529411764705882	0.23529411764705882	0.23529411764705882	0.058823529411764705
254	254	0.03571428571428571	0.14285714285714285	0.5	0.2857142857142857	0.03571428571428571
255	255	0.07407407407407407	0.037037037037037035	0.14814814814814814	0.5185185185185185	0.2222222222222222
256	256	0.2727272727272727	0.21212121212121213	0.06060606060606061	0.030303030303030304	0.42424242424242425
257	257	0.5263157894736842	0.15789473684210525	0.15789473684210525	0.13157894736842105	0.02631578947368421
258	258	0.3076923076923077	0.23076923076923078	0.07692307692307693	0.15384615384615385	0.23076923076923078
259	259	0.24324324324324326	0.2702702702702703	0.10810810810810811	0.32432432432432434	0.05405405405405406
260	260	0.03571428571428571	0.21428571428571427	0.4642857142857143	0.03571428571428571	0.25
261	261	0.2	0.05714285714285714	0.4	0.14285714285714285	0.2
262	262	0.06666666666666667	0.2	0.4666666666666667	0.2	0.06666666666666667
263	263	0.21875	0.1875	0.34375	0.125	0.125
264	264	0.5	0.08695652173913043	0.15217391304347827	0.1956521739130435	0.06521739130434782
265	265	0.06666666666666667	0.3	0.1	0.16666666666666666	0.36666666666666664
266	266	0.10256410256410256	0.4358974358974359	0.358974358974359	0.05128205128205128	0.05128205128205128
267	267	0.06451612903225806	0.12903225806451613	0.0967741935483871	0.3870967741935484	0.3225806451612903
268	268	0.02702702702702703	0.21621621621621623	0.6756756756756757	0.02702702702702703	0.05405405405405406
269	269	0.16666666666666666	0.05555555555555555	0.4722222222222222	0.1111111111111111	0.19444444444444445
270	270	0.04	0.32	0.08	0.32	0.24
271	271	0.23529411764705882	0.058823529411764705	0.058823529411764705	0.4117647058823529	0.23529411764705882
272	272	0.175	0.025	0.65	0.075	0.075
273	273	0.3076923076923077	0.07692307692307693	0.3076923076923077	0.23076923076923078	0.07692307692307693
274	274	0.2222222222222222	0.037037037037037035	0.037037037037037035	0.6666666666666666	0.037037037037037035
275	275	0.07692307692307693	0.07692307692307693	0.6923076923076923	0.07692307692307693	0.07692307692307693
276	276	0.7142857142857143	0.05714285714285714	0.17142857142857143	0.02857142857142857	0.02857142857142857
277	277	0.08823529411764706	0.11764705882352941	0.5882352941176471	0.058823529411764705	0.14705882352941177
278	278	0.03571428571428571	0.6785714285714286	0.17857142857142858	0.03571428571428571	0.07142857142857142
279	279	0.08	0.4	0.08	0.04	0.4
280	280	0.08333333333333333	0.08333333333333333	0.5833333333333334	0.041666666666666664	0.20833333333333334
281	281	0.2608695652173913	0.08695652173913043	0.30434782608695654	0.08695652173913043	0.2608695652173913
282	282	0.07692307692307693	0.07692307692307693	0.5384615384615384	0.23076923076923078	0.07692307692307693
283	283	0.08333333333333333	0.3333333333333333	0.2916666666666667	0.041666666666666664	0.25
284	284	0.08108108108108109	0.05405405405405406	0.05405405405405406	0.3783783783783784	0.43243243243243246
285	285	0.22727272727272727	0.36363636363636365	0.045454545454545456	0.18181818181818182	0.18181818181818182
286	286	0.3076923076923077	0.07692307692307693	0.38461538461538464	0.15384615384615385	0.07692307692307693
287	287	0.7105263157894737	0.05263157894736842	0.02631578947368421	0.07894736842105263	0.13157894736842105
288	288	0.017241379310344827	0.034482758620689655	0.15517241379310345	0.10344827586206896	0.6896551724137931
289	289	0.35294117647058826	0.11764705882352941	0.058823529411764705	0.17647058823529413	0.29411764705882354
290	290	0.35135135135135137	0.1891891891891892	0.16216216216216217	0.24324324324324326	0.05405405405405406
291	291	0.17777777777777778	0.28888888888888886	0.08888888888888889	0.17777777777777778	0.26666666666666666
292	292	0.5614035087719298	0.08771929824561403	0.03508771929824561	0.03508771929824561	0.2807017543859649
293	293	0.06896551724137931	0.13793103448275862	0.5172413793103449	0.2413793103448276	0.034482758620689655
294	294	0.1875	0.25	0.3125	0.0625	0.1875
295	295	0.375	0.25	0.125	0.1875	0.0625
296	296	0.08333333333333333	0.027777777777777776	0.6944444444444444	0.16666666666666666	0.027777777777777776
297	297	0.3488372093023256	0.32558139534883723	0.23255813953488372	0.023255813953488372	0.06976744186046512
298	298	0.07407407407407407	0.14814814814814814	0.07407407407407407	0.07407407407407407	0.6296296296296297
299	299	0.09090909090909091	0.21212121212121213	0.12121212121212122	0.42424242424242425	0.15151515151515152
300	300	0.05263157894736842	0.02631578947368421	0.868421052631579	0.02631578947368421	0.02631578947368421
301	301	0.6190476190476191	0.09523809523809523	0.09523809523809523	0.14285714285714285	0.047619047619047616
302	302	0.25806451612903225	0.06451612903225806	0.45161290322580644	0.16129032258064516	0.06451612903225806
303	303	0.1111111111111111	0.1111111111111111	0.16666666666666666	0.1111111111111111	0.5
304	304	0.4	0.15	0.1	0.3	0.05
305	305	0.0425531914893617	0.0851063829787234	0.425531914893617	0.40425531914893614	0.0425531914893617
306	306	0.11538461538461539	0.3076923076923077	0.038461538461538464	0.2692307692307692	0.2692307692307692
307	307	0.35714285714285715	0.19047619047619047	0.40476190476190477	0.023809523809523808	0.023809523809523808
308	308	0.19804560260586318	0.26775244299674267	0.07100977198697069	0.1745928338762215	0.28859934853420194
309	309	0.1111111111111111	0.1111111111111111	0.4444444444444444	0.1111111111111111	0.2222222222222222
310	310	0.04	0.08	0.4	0.28	0.2
311	311	0.08333333333333333	0.1111111111111111	0.4444444444444444	0.2222222222222222	0.1388888888888889
312	312	0.4074074074074074	0.1111111111111111	0.18518518518518517	0.037037037037037035	0.25925925925925924
313	313	0.01818181818181818	0.10909090909090909	0.10909090909090909	0.2727272727272727	0.4909090909090909
314	314	0.30303030303030304	0.24242424242424243	0.2727272727272727	0.12121212121212122	0.06060606060606061
315	315	0.5925925925925926	0.14814814814814814	0.14814814814814814	0.07407407407407407	0.037037037037037035
316	316	0.20689655172413793	0.034482758620689655	0.06896551724137931	0.4482758620689655	0.2413793103448276
317	317	0.20689655172413793	0.10344827586206896	0.3448275862068966	0.06896551724137931	0.27586206896551724
318	318	0.32142857142857145	0.10714285714285714	0.03571428571428571	0.35714285714285715	0.17857142857142858
319	319	0.5	0.2	0.15	0.1	0.05
320	320	0.22580645161290322	0.5806451612903226	0.0967741935483871	0.06451612903225806	0.03225806451612903
321	321	0.13793103448275862	0.3448275862068966	0.27586206896551724	0.20689655172413793	0.034482758620689655
322	322	0.09375	0.34375	0.03125	0.03125	0.5
323	323	0.48484848484848486	0.030303030303030304	0.21212121212121213	0.24242424242424243	0.030303030303030304
324	324	0.3137254901960784	0.09803921568627451	0.058823529411764705	0.27450980392156865	0.2549019607843137
325	325	0.125	0.6875	0.0625	0.0625	0.0625
326	326	0.08888888888888889	0.044444444444444446	0.17777777777777778	0.5555555555555556	0.13333333333333333
327	327	0.05555555555555555	0.3888888888888889	0.3333333333333333	0.05555555555555555	0.16666666666666666
=======
0	0	0.08108108108108109	0.4594594594594595	0.02702702702702703	0.16216216216216217	0.2702702702702703
1	1	0.05714285714285714	0.22857142857142856	0.17142857142857143	0.22857142857142856	0.3142857142857143
2	2	0.5	0.1590909090909091	0.09090909090909091	0.22727272727272727	0.022727272727272728
3	3	0.11475409836065574	0.5901639344262295	0.06557377049180328	0.09836065573770492	0.13114754098360656
4	4	0.20833333333333334	0.20833333333333334	0.16666666666666666	0.375	0.041666666666666664
5	5	0.15789473684210525	0.2631578947368421	0.10526315789473684	0.05263157894736842	0.42105263157894735
6	6	0.041666666666666664	0.16666666666666666	0.2916666666666667	0.125	0.375
7	7	0.21212121212121213	0.06060606060606061	0.5757575757575758	0.06060606060606061	0.09090909090909091
8	8	0.3870967741935484	0.06451612903225806	0.3870967741935484	0.12903225806451613	0.03225806451612903
9	9	0.25	0.125	0.125	0.125	0.375
10	10	0.5652173913043478	0.08695652173913043	0.043478260869565216	0.08695652173913043	0.21739130434782608
11	11	0.5789473684210527	0.10526315789473684	0.10526315789473684	0.05263157894736842	0.15789473684210525
12	12	0.11764705882352941	0.08823529411764706	0.20588235294117646	0.11764705882352941	0.47058823529411764
13	13	0.1891891891891892	0.05405405405405406	0.24324324324324326	0.2702702702702703	0.24324324324324326
14	14	0.027777777777777776	0.19444444444444445	0.08333333333333333	0.4166666666666667	0.2777777777777778
15	15	0.06818181818181818	0.29545454545454547	0.4090909090909091	0.09090909090909091	0.13636363636363635
16	16	0.1794871794871795	0.07692307692307693	0.46153846153846156	0.1282051282051282	0.15384615384615385
17	17	0.1	0.1	0.1	0.6	0.1
18	18	0.2903225806451613	0.25806451612903225	0.12903225806451613	0.25806451612903225	0.06451612903225806
19	19	0.1111111111111111	0.044444444444444446	0.7111111111111111	0.08888888888888889	0.044444444444444446
20	20	0.2222222222222222	0.2222222222222222	0.015873015873015872	0.031746031746031744	0.5079365079365079
21	21	0.09523809523809523	0.14285714285714285	0.047619047619047616	0.38095238095238093	0.3333333333333333
22	22	0.2857142857142857	0.45714285714285713	0.17142857142857143	0.02857142857142857	0.05714285714285714
23	23	0.16129032258064516	0.5483870967741935	0.06451612903225806	0.03225806451612903	0.1935483870967742
24	24	0.21621621621621623	0.08108108108108109	0.08108108108108109	0.02702702702702703	0.5945945945945946
25	25	0.03225806451612903	0.41935483870967744	0.25806451612903225	0.12903225806451613	0.16129032258064516
26	26	0.020833333333333332	0.0625	0.0625	0.7708333333333334	0.08333333333333333
27	27	0.15384615384615385	0.2564102564102564	0.358974358974359	0.20512820512820512	0.02564102564102564
28	28	0.2222222222222222	0.3333333333333333	0.2222222222222222	0.05555555555555555	0.16666666666666666
29	29	0.43902439024390244	0.12195121951219512	0.07317073170731707	0.0975609756097561	0.2682926829268293
30	30	0.05128205128205128	0.7435897435897436	0.02564102564102564	0.05128205128205128	0.1282051282051282
31	31	0.03333333333333333	0.13333333333333333	0.26666666666666666	0.5333333333333333	0.03333333333333333
32	32	0.17073170731707318	0.43902439024390244	0.1951219512195122	0.024390243902439025	0.17073170731707318
33	33	0.044444444444444446	0.6	0.044444444444444446	0.1111111111111111	0.2
34	34	0.22641509433962265	0.5283018867924528	0.05660377358490566	0.11320754716981132	0.07547169811320754
35	35	0.3142857142857143	0.22857142857142856	0.22857142857142856	0.05714285714285714	0.17142857142857143
36	36	0.029411764705882353	0.058823529411764705	0.08823529411764706	0.14705882352941177	0.6764705882352942
37	37	0.04878048780487805	0.36585365853658536	0.024390243902439025	0.24390243902439024	0.3170731707317073
38	38	0.16363636363636364	0.07272727272727272	0.01818181818181818	0.2	0.5454545454545454
39	39	0.3409090909090909	0.11363636363636363	0.022727272727272728	0.2727272727272727	0.25
40	40	0.1935483870967742	0.12903225806451613	0.0967741935483871	0.5161290322580645	0.06451612903225806
41	41	0.40350877192982454	0.15789473684210525	0.24561403508771928	0.017543859649122806	0.17543859649122806
42	42	0.11764705882352941	0.4117647058823529	0.11764705882352941	0.23529411764705882	0.11764705882352941
43	43	0.21052631578947367	0.23684210526315788	0.13157894736842105	0.13157894736842105	0.2894736842105263
44	44	0.4375	0.03125	0.15625	0.125	0.25
45	45	0.06779661016949153	0.01694915254237288	0.0847457627118644	0.6440677966101694	0.1864406779661017
46	46	0.3783783783783784	0.05405405405405406	0.4594594594594595	0.02702702702702703	0.08108108108108109
47	47	0.058823529411764705	0.29411764705882354	0.2647058823529412	0.23529411764705882	0.14705882352941177
48	48	0.05555555555555555	0.3888888888888889	0.2222222222222222	0.2222222222222222	0.1111111111111111
49	49	0.09523809523809523	0.047619047619047616	0.5476190476190477	0.19047619047619047	0.11904761904761904
>>>>>>> 8d0bf94bd61ed3312371bb4d9e97c770b8325cd8
