0	0	0.037037037037037035	0.07407407407407407	0.5925925925925926	0.07407407407407407	0.2222222222222222
1	1	0.21212121212121213	0.36363636363636365	0.15151515151515152	0.09090909090909091	0.18181818181818182
2	2	0.1282051282051282	0.07692307692307693	0.10256410256410256	0.05128205128205128	0.6410256410256411
3	3	0.20454545454545456	0.09090909090909091	0.4772727272727273	0.06818181818181818	0.1590909090909091
4	4	0.13157894736842105	0.05263157894736842	0.5	0.2631578947368421	0.05263157894736842
5	5	0.3333333333333333	0.19047619047619047	0.047619047619047616	0.09523809523809523	0.3333333333333333
6	6	0.14705882352941177	0.029411764705882353	0.058823529411764705	0.5	0.2647058823529412
7	7	0.1282051282051282	0.1794871794871795	0.15384615384615385	0.10256410256410256	0.4358974358974359
8	8	0.125	0.1875	0.0625	0.375	0.25
9	9	0.0625	0.0625	0.0625	0.75	0.0625
10	10	0.13333333333333333	0.16666666666666666	0.43333333333333335	0.1	0.16666666666666666
11	11	0.16129032258064516	0.06451612903225806	0.0967741935483871	0.3225806451612903	0.3548387096774194
12	12	0.21052631578947367	0.2894736842105263	0.02631578947368421	0.2894736842105263	0.18421052631578946
13	13	0.12	0.2	0.16	0.08	0.44
14	14	0.03125	0.59375	0.25	0.0625	0.0625
15	15	0.2857142857142857	0.14285714285714285	0.14285714285714285	0.14285714285714285	0.2857142857142857
16	16	0.06153846153846154	0.015384615384615385	0.6	0.046153846153846156	0.27692307692307694
17	17	0.1111111111111111	0.037037037037037035	0.48148148148148145	0.3333333333333333	0.037037037037037035
18	18	0.03225806451612903	0.41935483870967744	0.16129032258064516	0.16129032258064516	0.22580645161290322
19	19	0.28125	0.21875	0.125	0.34375	0.03125
20	20	0.2	0.4	0.1	0.1	0.2
21	21	0.03225806451612903	0.12903225806451613	0.41935483870967744	0.1935483870967742	0.22580645161290322
22	22	0.125	0.40625	0.25	0.125	0.09375
23	23	0.05555555555555555	0.05555555555555555	0.19444444444444445	0.4166666666666667	0.2777777777777778
24	24	0.05	0.48333333333333334	0.3	0.08333333333333333	0.08333333333333333
25	25	0.2	0.2	0.4	0.13333333333333333	0.06666666666666667
26	26	0.029411764705882353	0.5294117647058824	0.20588235294117646	0.08823529411764706	0.14705882352941177
27	27	0.7142857142857143	0.07142857142857142	0.07142857142857142	0.11904761904761904	0.023809523809523808
28	28	0.14285714285714285	0.07142857142857142	0.21428571428571427	0.42857142857142855	0.14285714285714285
29	29	0.1282051282051282	0.10256410256410256	0.5128205128205128	0.15384615384615385	0.10256410256410256
30	30	0.0392156862745098	0.19607843137254902	0.37254901960784315	0.3333333333333333	0.058823529411764705
31	31	0.029850746268656716	0.29850746268656714	0.16417910447761194	0.4925373134328358	0.014925373134328358
32	32	0.0625	0.0625	0.1875	0.125	0.5625
33	33	0.3448275862068966	0.20689655172413793	0.034482758620689655	0.1724137931034483	0.2413793103448276
34	34	0.6923076923076923	0.07692307692307693	0.07692307692307693	0.07692307692307693	0.07692307692307693
35	35	0.13333333333333333	0.06666666666666667	0.17777777777777778	0.4222222222222222	0.2
36	36	0.022222222222222223	0.7111111111111111	0.1111111111111111	0.13333333333333333	0.022222222222222223
37	37	0.05555555555555555	0.1111111111111111	0.1111111111111111	0.05555555555555555	0.6666666666666666
38	38	0.15384615384615385	0.07692307692307693	0.07692307692307693	0.6153846153846154	0.07692307692307693
39	39	0.05555555555555555	0.2777777777777778	0.5	0.05555555555555555	0.1111111111111111
40	40	0.03225806451612903	0.4838709677419355	0.03225806451612903	0.25806451612903225	0.1935483870967742
41	41	0.07407407407407407	0.37037037037037035	0.2962962962962963	0.07407407407407407	0.18518518518518517
42	42	0.043478260869565216	0.08695652173913043	0.30434782608695654	0.2608695652173913	0.30434782608695654
43	43	0.0625	0.1875	0.6666666666666666	0.041666666666666664	0.041666666666666664
44	44	0.3157894736842105	0.02631578947368421	0.3684210526315789	0.2631578947368421	0.02631578947368421
45	45	0.6923076923076923	0.07692307692307693	0.07692307692307693	0.07692307692307693	0.07692307692307693
46	46	0.4482758620689655	0.1724137931034483	0.034482758620689655	0.3103448275862069	0.034482758620689655
47	47	0.21052631578947367	0.10526315789473684	0.21052631578947367	0.3157894736842105	0.15789473684210525
48	48	0.23333333333333334	0.03333333333333333	0.03333333333333333	0.6666666666666666	0.03333333333333333
49	49	0.047619047619047616	0.047619047619047616	0.11904761904761904	0.7380952380952381	0.047619047619047616
50	50	0.30434782608695654	0.13043478260869565	0.13043478260869565	0.08695652173913043	0.34782608695652173
51	51	0.25	0.03571428571428571	0.14285714285714285	0.17857142857142858	0.39285714285714285
52	52	0.2682926829268293	0.07317073170731707	0.21951219512195122	0.3902439024390244	0.04878048780487805
53	53	0.08	0.44	0.16	0.04	0.28
54	54	0.06666666666666667	0.3	0.06666666666666667	0.1	0.4666666666666667
55	55	0.4	0.1	0.2	0.1	0.2
56	56	0.6923076923076923	0.07692307692307693	0.07692307692307693	0.07692307692307693	0.07692307692307693
57	57	0.16666666666666666	0.08333333333333333	0.1388888888888889	0.1111111111111111	0.5
58	58	0.14705882352941177	0.08823529411764706	0.23529411764705882	0.5	0.029411764705882353
59	59	0.2857142857142857	0.14285714285714285	0.14285714285714285	0.2857142857142857	0.14285714285714285
60	60	0.125	0.1875	0.0625	0.5	0.125
61	61	0.16666666666666666	0.16666666666666666	0.06666666666666667	0.3333333333333333	0.26666666666666666
62	62	0.058823529411764705	0.20588235294117646	0.5882352941176471	0.058823529411764705	0.08823529411764706
63	63	0.42857142857142855	0.07142857142857142	0.35714285714285715	0.07142857142857142	0.07142857142857142
64	64	0.29411764705882354	0.17647058823529413	0.4117647058823529	0.058823529411764705	0.058823529411764705
65	65	0.047619047619047616	0.14285714285714285	0.09523809523809523	0.3333333333333333	0.38095238095238093
66	66	0.09090909090909091	0.36363636363636365	0.09090909090909091	0.18181818181818182	0.2727272727272727
67	67	0.05	0.25	0.35	0.3	0.05
68	68	0.07692307692307693	0.07692307692307693	0.23076923076923078	0.23076923076923078	0.38461538461538464
69	69	0.40625	0.0625	0.09375	0.03125	0.40625
70	70	0.023809523809523808	0.11904761904761904	0.6904761904761905	0.11904761904761904	0.047619047619047616
71	71	0.05555555555555555	0.08333333333333333	0.08333333333333333	0.6944444444444444	0.08333333333333333
72	72	0.02564102564102564	0.15384615384615385	0.15384615384615385	0.05128205128205128	0.6153846153846154
73	73	0.023809523809523808	0.19047619047619047	0.11904761904761904	0.07142857142857142	0.5952380952380952
74	74	0.20512820512820512	0.05128205128205128	0.5384615384615384	0.07692307692307693	0.1282051282051282
75	75	0.03333333333333333	0.3333333333333333	0.06666666666666667	0.43333333333333335	0.13333333333333333
76	76	0.19607843137254902	0.09803921568627451	0.1568627450980392	0.43137254901960786	0.11764705882352941
77	77	0.46153846153846156	0.10256410256410256	0.07692307692307693	0.15384615384615385	0.20512820512820512
78	78	0.23076923076923078	0.11538461538461539	0.038461538461538464	0.23076923076923078	0.38461538461538464
79	79	0.6923076923076923	0.07692307692307693	0.07692307692307693	0.07692307692307693	0.07692307692307693
80	80	0.09090909090909091	0.09090909090909091	0.2727272727272727	0.36363636363636365	0.18181818181818182
81	81	0.10344827586206896	0.1724137931034483	0.6206896551724138	0.06896551724137931	0.034482758620689655
82	82	0.6923076923076923	0.07692307692307693	0.07692307692307693	0.07692307692307693	0.07692307692307693
83	83	0.06060606060606061	0.06060606060606061	0.5454545454545454	0.30303030303030304	0.030303030303030304
84	84	0.38235294117647056	0.1323529411764706	0.07352941176470588	0.23529411764705882	0.17647058823529413
85	85	0.08	0.12	0.6	0.08	0.12
86	86	0.15384615384615385	0.07692307692307693	0.07692307692307693	0.3076923076923077	0.38461538461538464
87	87	0.21052631578947367	0.10526315789473684	0.05263157894736842	0.5263157894736842	0.10526315789473684
88	88	0.375	0.0625	0.0625	0.1875	0.3125
89	89	0.06818181818181818	0.18181818181818182	0.045454545454545456	0.6363636363636364	0.06818181818181818
90	90	0.03333333333333333	0.1	0.016666666666666666	0.4166666666666667	0.43333333333333335
91	91	0.18604651162790697	0.046511627906976744	0.20930232558139536	0.13953488372093023	0.4186046511627907
92	92	0.13333333333333333	0.2	0.6	0.03333333333333333	0.03333333333333333
93	93	0.1	0.3	0.25	0.1	0.25
94	94	0.21739130434782608	0.45652173913043476	0.08695652173913043	0.13043478260869565	0.10869565217391304
95	95	0.2222222222222222	0.037037037037037035	0.2222222222222222	0.4444444444444444	0.07407407407407407
96	96	0.13333333333333333	0.3333333333333333	0.13333333333333333	0.2	0.2
97	97	0.4	0.3	0.1	0.1	0.1
98	98	0.4	0.1	0.16666666666666666	0.13333333333333333	0.2
99	99	0.2777777777777778	0.1111111111111111	0.16666666666666666	0.3888888888888889	0.05555555555555555
100	100	0.05555555555555555	0.1111111111111111	0.2777777777777778	0.05555555555555555	0.5
101	101	0.2	0.12	0.2	0.4	0.08
102	102	0.15	0.05	0.2	0.45	0.15
103	103	0.5	0.05555555555555555	0.1111111111111111	0.16666666666666666	0.16666666666666666
104	104	0.25	0.08333333333333333	0.16666666666666666	0.4166666666666667	0.08333333333333333
105	105	0.18181818181818182	0.12121212121212122	0.030303030303030304	0.30303030303030304	0.36363636363636365
106	106	0.8461538461538461	0.038461538461538464	0.038461538461538464	0.038461538461538464	0.038461538461538464
107	107	0.07692307692307693	0.3333333333333333	0.23076923076923078	0.23076923076923078	0.1282051282051282
108	108	0.017857142857142856	0.25	0.42857142857142855	0.08928571428571429	0.21428571428571427
109	109	0.14705882352941177	0.14705882352941177	0.029411764705882353	0.029411764705882353	0.6470588235294118
110	110	0.6923076923076923	0.07692307692307693	0.07692307692307693	0.07692307692307693	0.07692307692307693
111	111	0.6923076923076923	0.07692307692307693	0.07692307692307693	0.07692307692307693	0.07692307692307693
112	112	0.1702127659574468	0.3829787234042553	0.02127659574468085	0.2978723404255319	0.1276595744680851
113	113	0.16326530612244897	0.08163265306122448	0.10204081632653061	0.24489795918367346	0.40816326530612246
114	114	0.09302325581395349	0.09302325581395349	0.09302325581395349	0.6744186046511628	0.046511627906976744
115	115	0.16129032258064516	0.16129032258064516	0.41935483870967744	0.06451612903225806	0.1935483870967742
116	116	0.5384615384615384	0.07692307692307693	0.07692307692307693	0.15384615384615385	0.15384615384615385
117	117	0.4	0.06666666666666667	0.13333333333333333	0.06666666666666667	0.3333333333333333
118	118	0.20454545454545456	0.13636363636363635	0.045454545454545456	0.5909090909090909	0.022727272727272728
119	119	0.17857142857142858	0.10714285714285714	0.5357142857142857	0.03571428571428571	0.14285714285714285
120	120	0.09302325581395349	0.18604651162790697	0.046511627906976744	0.6511627906976745	0.023255813953488372
121	121	0.25	0.041666666666666664	0.5	0.125	0.08333333333333333
122	122	0.6923076923076923	0.07692307692307693	0.07692307692307693	0.07692307692307693	0.07692307692307693
123	123	0.08333333333333333	0.041666666666666664	0.5625	0.2916666666666667	0.020833333333333332
124	124	0.2	0.06666666666666667	0.3333333333333333	0.06666666666666667	0.3333333333333333
125	125	0.2553191489361702	0.2127659574468085	0.19148936170212766	0.2765957446808511	0.06382978723404255
126	126	0.13043478260869565	0.34782608695652173	0.21739130434782608	0.08695652173913043	0.21739130434782608
127	127	0.03225806451612903	0.06451612903225806	0.1935483870967742	0.12903225806451613	0.5806451612903226
128	128	0.1951219512195122	0.04878048780487805	0.07317073170731707	0.5609756097560976	0.12195121951219512
129	129	0.2	0.11428571428571428	0.11428571428571428	0.5142857142857142	0.05714285714285714
130	130	0.18518518518518517	0.5740740740740741	0.018518518518518517	0.1111111111111111	0.1111111111111111
131	131	0.2692307692307692	0.23076923076923078	0.34615384615384615	0.11538461538461539	0.038461538461538464
132	132	0.09090909090909091	0.06060606060606061	0.24242424242424243	0.24242424242424243	0.36363636363636365
133	133	0.16216216216216217	0.10810810810810811	0.4864864864864865	0.1891891891891892	0.05405405405405406
134	134	0.08695652173913043	0.17391304347826086	0.21739130434782608	0.043478260869565216	0.4782608695652174
135	135	0.0975609756097561	0.12195121951219512	0.14634146341463414	0.024390243902439025	0.6097560975609756
136	136	0.03225806451612903	0.06451612903225806	0.6774193548387096	0.0967741935483871	0.12903225806451613
137	137	0.04	0.2	0.12	0.12	0.52
138	138	0.3076923076923077	0.07692307692307693	0.07692307692307693	0.3076923076923077	0.23076923076923078
139	139	0.6923076923076923	0.07692307692307693	0.07692307692307693	0.07692307692307693	0.07692307692307693
140	140	0.125	0.1875	0.25	0.09375	0.34375
141	141	0.22	0.02	0.08	0.62	0.06
142	142	0.10714285714285714	0.14285714285714285	0.14285714285714285	0.17857142857142858	0.42857142857142855
143	143	0.030303030303030304	0.12121212121212122	0.24242424242424243	0.5757575757575758	0.030303030303030304
144	144	0.6923076923076923	0.07692307692307693	0.07692307692307693	0.07692307692307693	0.07692307692307693
145	145	0.23529411764705882	0.38235294117647056	0.029411764705882353	0.3235294117647059	0.029411764705882353
146	146	0.046511627906976744	0.11627906976744186	0.3488372093023256	0.023255813953488372	0.46511627906976744
147	147	0.2857142857142857	0.03571428571428571	0.25	0.2857142857142857	0.14285714285714285
148	148	0.6923076923076923	0.07692307692307693	0.07692307692307693	0.07692307692307693	0.07692307692307693
149	149	0.02631578947368421	0.10526315789473684	0.2631578947368421	0.42105263157894735	0.18421052631578946
150	150	0.11764705882352941	0.0196078431372549	0.39215686274509803	0.39215686274509803	0.0784313725490196
151	151	0.15517241379310345	0.06896551724137931	0.41379310344827586	0.05172413793103448	0.3103448275862069
152	152	0.2	0.04	0.2	0.52	0.04
153	153	0.018518518518518517	0.46296296296296297	0.2037037037037037	0.2962962962962963	0.018518518518518517
154	154	0.037037037037037035	0.16666666666666666	0.4444444444444444	0.05555555555555555	0.2962962962962963
155	155	0.045454545454545456	0.09090909090909091	0.5454545454545454	0.2727272727272727	0.045454545454545456
156	156	0.03571428571428571	0.4642857142857143	0.14285714285714285	0.17857142857142858	0.17857142857142858
157	157	0.14285714285714285	0.32653061224489793	0.04081632653061224	0.3673469387755102	0.12244897959183673
158	158	0.10526315789473684	0.10526315789473684	0.2631578947368421	0.05263157894736842	0.47368421052631576
159	159	0.125	0.4375	0.3125	0.0625	0.0625
160	160	0.2857142857142857	0.11904761904761904	0.2619047619047619	0.11904761904761904	0.21428571428571427
161	161	0.5357142857142857	0.10714285714285714	0.21428571428571427	0.10714285714285714	0.03571428571428571
162	162	0.0625	0.1875	0.0625	0.3125	0.375
163	163	0.2727272727272727	0.09090909090909091	0.09090909090909091	0.2727272727272727	0.2727272727272727
164	164	0.09090909090909091	0.09090909090909091	0.4090909090909091	0.3181818181818182	0.09090909090909091
165	165	0.05263157894736842	0.5263157894736842	0.15789473684210525	0.15789473684210525	0.10526315789473684
166	166	0.3125	0.125	0.0625	0.1875	0.3125
167	167	0.041666666666666664	0.5833333333333334	0.25	0.041666666666666664	0.08333333333333333
168	168	0.02631578947368421	0.05263157894736842	0.07894736842105263	0.8157894736842105	0.02631578947368421
169	169	0.6923076923076923	0.07692307692307693	0.07692307692307693	0.07692307692307693	0.07692307692307693
170	170	0.11764705882352941	0.058823529411764705	0.11764705882352941	0.6470588235294118	0.058823529411764705
171	171	0.3333333333333333	0.13333333333333333	0.26666666666666666	0.2	0.06666666666666667
172	172	0.2	0.08	0.16	0.16	0.4
173	173	0.8461538461538461	0.038461538461538464	0.038461538461538464	0.038461538461538464	0.038461538461538464
174	174	0.1111111111111111	0.08333333333333333	0.1111111111111111	0.1111111111111111	0.5833333333333334
175	175	0.13157894736842105	0.05263157894736842	0.47368421052631576	0.2631578947368421	0.07894736842105263
176	176	0.2	0.36666666666666664	0.1	0.23333333333333334	0.1
177	177	0.05555555555555555	0.16666666666666666	0.1111111111111111	0.6111111111111112	0.05555555555555555
178	178	0.16	0.12	0.34	0.3	0.08
179	179	0.03225806451612903	0.2903225806451613	0.06451612903225806	0.5483870967741935	0.06451612903225806
180	180	0.1891891891891892	0.02702702702702703	0.13513513513513514	0.5675675675675675	0.08108108108108109
181	181	0.1891891891891892	0.1891891891891892	0.43243243243243246	0.10810810810810811	0.08108108108108109
182	182	0.15	0.15	0.4	0.05	0.25
183	183	0.05263157894736842	0.2631578947368421	0.10526315789473684	0.10526315789473684	0.47368421052631576
184	184	0.14285714285714285	0.14285714285714285	0.42857142857142855	0.14285714285714285	0.14285714285714285
185	185	0.14285714285714285	0.07142857142857142	0.047619047619047616	0.4523809523809524	0.2857142857142857
186	186	0.15	0.05	0.6	0.1	0.1
187	187	0.023809523809523808	0.11904761904761904	0.5595238095238095	0.23809523809523808	0.05952380952380952
188	188	0.2857142857142857	0.07142857142857142	0.07142857142857142	0.21428571428571427	0.35714285714285715
189	189	0.15625	0.03125	0.28125	0.03125	0.5
190	190	0.11428571428571428	0.2571428571428571	0.11428571428571428	0.4	0.11428571428571428
191	191	0.11764705882352941	0.11764705882352941	0.058823529411764705	0.47058823529411764	0.23529411764705882
192	192	0.2	0.3	0.15	0.3	0.05
193	193	0.027777777777777776	0.027777777777777776	0.3333333333333333	0.4444444444444444	0.16666666666666666
194	194	0.045454545454545456	0.09090909090909091	0.7272727272727273	0.045454545454545456	0.09090909090909091
195	195	0.4166666666666667	0.08333333333333333	0.08333333333333333	0.08333333333333333	0.3333333333333333
196	196	0.17142857142857143	0.17142857142857143	0.2857142857142857	0.17142857142857143	0.2
197	197	0.09090909090909091	0.36363636363636365	0.18181818181818182	0.09090909090909091	0.2727272727272727
198	198	0.06666666666666667	0.3333333333333333	0.13333333333333333	0.4	0.06666666666666667
199	199	0.08333333333333333	0.19444444444444445	0.1388888888888889	0.027777777777777776	0.5555555555555556
200	200	0.19696969696969696	0.22727272727272727	0.09090909090909091	0.3939393939393939	0.09090909090909091
201	201	0.029411764705882353	0.058823529411764705	0.058823529411764705	0.7058823529411765	0.14705882352941177
202	202	0.23076923076923078	0.07692307692307693	0.07692307692307693	0.07692307692307693	0.5384615384615384
203	203	0.25	0.11363636363636363	0.38636363636363635	0.1590909090909091	0.09090909090909091
204	204	0.21739130434782608	0.043478260869565216	0.043478260869565216	0.6086956521739131	0.08695652173913043
205	205	0.12857142857142856	0.18571428571428572	0.17142857142857143	0.42857142857142855	0.08571428571428572
206	206	0.11764705882352941	0.17647058823529413	0.11764705882352941	0.058823529411764705	0.5294117647058824
207	207	0.023255813953488372	0.20930232558139536	0.20930232558139536	0.16279069767441862	0.3953488372093023
208	208	0.06976744186046512	0.18604651162790697	0.20930232558139536	0.16279069767441862	0.37209302325581395
209	209	0.058823529411764705	0.20588235294117646	0.2647058823529412	0.29411764705882354	0.17647058823529413
210	210	0.041666666666666664	0.08333333333333333	0.4583333333333333	0.041666666666666664	0.375
211	211	0.16666666666666666	0.2222222222222222	0.05555555555555555	0.5277777777777778	0.027777777777777776
212	212	0.6923076923076923	0.07692307692307693	0.07692307692307693	0.07692307692307693	0.07692307692307693
213	213	0.17142857142857143	0.14285714285714285	0.2	0.45714285714285713	0.02857142857142857
214	214	0.6923076923076923	0.07692307692307693	0.07692307692307693	0.07692307692307693	0.07692307692307693
215	215	0.3333333333333333	0.07575757575757576	0.06060606060606061	0.5151515151515151	0.015151515151515152
216	216	0.045454545454545456	0.2727272727272727	0.5454545454545454	0.09090909090909091	0.045454545454545456
217	217	0.13953488372093023	0.3953488372093023	0.13953488372093023	0.3023255813953488	0.023255813953488372
218	218	0.17391304347826086	0.17391304347826086	0.17391304347826086	0.43478260869565216	0.043478260869565216
219	219	0.28	0.16	0.36	0.12	0.08
220	220	0.020833333333333332	0.3125	0.2916666666666667	0.0625	0.3125
221	221	0.17857142857142858	0.25	0.21428571428571427	0.03571428571428571	0.32142857142857145
222	222	0.09302325581395349	0.18604651162790697	0.23255813953488372	0.13953488372093023	0.3488372093023256
223	223	0.07692307692307693	0.07692307692307693	0.07692307692307693	0.3076923076923077	0.46153846153846156
224	224	0.14583333333333334	0.22916666666666666	0.10416666666666667	0.3958333333333333	0.125
225	225	0.23076923076923078	0.07692307692307693	0.038461538461538464	0.46153846153846156	0.19230769230769232
226	226	0.23529411764705882	0.09803921568627451	0.0196078431372549	0.2549019607843137	0.39215686274509803
227	227	0.05714285714285714	0.22857142857142856	0.14285714285714285	0.45714285714285713	0.11428571428571428
228	228	0.07272727272727272	0.05454545454545454	0.12727272727272726	0.6181818181818182	0.12727272727272726
229	229	0.6923076923076923	0.07692307692307693	0.07692307692307693	0.07692307692307693	0.07692307692307693
230	230	0.6923076923076923	0.07692307692307693	0.07692307692307693	0.07692307692307693	0.07692307692307693
231	231	0.2857142857142857	0.09523809523809523	0.42857142857142855	0.047619047619047616	0.14285714285714285
232	232	0.71875	0.0625	0.0625	0.125	0.03125
233	233	0.16216216216216217	0.1891891891891892	0.35135135135135137	0.13513513513513514	0.16216216216216217
234	234	0.020833333333333332	0.3333333333333333	0.20833333333333334	0.375	0.0625
235	235	0.2222222222222222	0.2222222222222222	0.1111111111111111	0.3333333333333333	0.1111111111111111
236	236	0.7307692307692307	0.11538461538461539	0.038461538461538464	0.038461538461538464	0.07692307692307693
237	237	0.11428571428571428	0.5714285714285714	0.05714285714285714	0.22857142857142856	0.02857142857142857
238	238	0.20833333333333334	0.041666666666666664	0.041666666666666664	0.5416666666666666	0.16666666666666666
239	239	0.12	0.32	0.08	0.44	0.04
240	240	0.13793103448275862	0.3793103448275862	0.10344827586206896	0.2413793103448276	0.13793103448275862
241	241	0.1111111111111111	0.05555555555555555	0.05555555555555555	0.2222222222222222	0.5555555555555556
242	242	0.16666666666666666	0.06666666666666667	0.13333333333333333	0.45	0.18333333333333332
243	243	0.17391304347826086	0.043478260869565216	0.21739130434782608	0.043478260869565216	0.5217391304347826
244	244	0.016666666666666666	0.05	0.5166666666666667	0.31666666666666665	0.1
245	245	0.3103448275862069	0.06896551724137931	0.10344827586206896	0.41379310344827586	0.10344827586206896
246	246	0.6	0.1	0.1	0.1	0.1
247	247	0.10526315789473684	0.2631578947368421	0.34210526315789475	0.05263157894736842	0.23684210526315788
248	248	0.2857142857142857	0.35714285714285715	0.17857142857142858	0.07142857142857142	0.10714285714285714
249	249	0.25	0.1	0.4	0.15	0.1
250	250	0.6923076923076923	0.07692307692307693	0.07692307692307693	0.07692307692307693	0.07692307692307693
251	251	0.04	0.12	0.24	0.24	0.36
252	252	0.21739130434782608	0.13043478260869565	0.30434782608695654	0.21739130434782608	0.13043478260869565
253	253	0.20689655172413793	0.06896551724137931	0.10344827586206896	0.5172413793103449	0.10344827586206896
254	254	0.6	0.1	0.1	0.1	0.1
255	255	0.37037037037037035	0.3333333333333333	0.037037037037037035	0.1111111111111111	0.14814814814814814
256	256	0.11764705882352941	0.058823529411764705	0.058823529411764705	0.17647058823529413	0.5882352941176471
257	257	0.02857142857142857	0.3142857142857143	0.11428571428571428	0.02857142857142857	0.5142857142857142
258	258	0.203125	0.25	0.0625	0.4375	0.046875
259	259	0.18181818181818182	0.2727272727272727	0.36363636363636365	0.09090909090909091	0.09090909090909091
260	260	0.391304347826087	0.043478260869565216	0.08695652173913043	0.21739130434782608	0.2608695652173913
261	261	0.6	0.1	0.1	0.1	0.1
262	262	0.03508771929824561	0.2982456140350877	0.3508771929824561	0.05263157894736842	0.2631578947368421
263	263	0.09375	0.59375	0.1875	0.09375	0.03125
264	264	0.11363636363636363	0.5	0.13636363636363635	0.20454545454545456	0.045454545454545456
265	265	0.22580645161290322	0.3870967741935484	0.0967741935483871	0.22580645161290322	0.06451612903225806
266	266	0.2777777777777778	0.2777777777777778	0.3611111111111111	0.05555555555555555	0.027777777777777776
267	267	0.14285714285714285	0.03571428571428571	0.03571428571428571	0.35714285714285715	0.42857142857142855
268	268	0.4375	0.25	0.14583333333333334	0.14583333333333334	0.020833333333333332
269	269	0.09615384615384616	0.09615384615384616	0.21153846153846154	0.17307692307692307	0.4230769230769231
270	270	0.14285714285714285	0.10714285714285714	0.32142857142857145	0.32142857142857145	0.10714285714285714
271	271	0.2777777777777778	0.027777777777777776	0.08333333333333333	0.19444444444444445	0.4166666666666667
272	272	0.044444444444444446	0.28888888888888886	0.3333333333333333	0.2	0.13333333333333333
273	273	0.1	0.28	0.26	0.06	0.3
274	274	0.023255813953488372	0.09302325581395349	0.6046511627906976	0.11627906976744186	0.16279069767441862
275	275	0.2375	0.0875	0.325	0.275	0.075
276	276	0.21428571428571427	0.17857142857142858	0.39285714285714285	0.17857142857142858	0.03571428571428571
277	277	0.3	0.1	0.2	0.3	0.1
278	278	0.02631578947368421	0.15789473684210525	0.2894736842105263	0.05263157894736842	0.47368421052631576
279	279	0.09259259259259259	0.2962962962962963	0.5740740740740741	0.018518518518518517	0.018518518518518517
280	280	0.13114754098360656	0.2786885245901639	0.11475409836065574	0.04918032786885246	0.4262295081967213
281	281	0.06060606060606061	0.21212121212121213	0.24242424242424243	0.42424242424242425	0.06060606060606061
282	282	0.1	0.04	0.18	0.06	0.62
283	283	0.09523809523809523	0.09523809523809523	0.047619047619047616	0.2857142857142857	0.47619047619047616
284	284	0.6923076923076923	0.07692307692307693	0.07692307692307693	0.07692307692307693	0.07692307692307693
285	285	0.11764705882352941	0.08823529411764706	0.029411764705882353	0.14705882352941177	0.6176470588235294
286	286	0.22727272727272727	0.13636363636363635	0.09090909090909091	0.36363636363636365	0.18181818181818182
287	287	0.16129032258064516	0.12903225806451613	0.1935483870967742	0.16129032258064516	0.3548387096774194
288	288	0.15625	0.25	0.203125	0.375	0.015625
289	289	0.05714285714285714	0.4857142857142857	0.2	0.05714285714285714	0.2
290	290	0.1282051282051282	0.3076923076923077	0.48717948717948717	0.02564102564102564	0.05128205128205128
291	291	0.4117647058823529	0.058823529411764705	0.29411764705882354	0.058823529411764705	0.17647058823529413
292	292	0.023809523809523808	0.5	0.21428571428571427	0.047619047619047616	0.21428571428571427
293	293	0.09090909090909091	0.18181818181818182	0.09090909090909091	0.2727272727272727	0.36363636363636365
294	294	0.07142857142857142	0.25	0.17857142857142858	0.32142857142857145	0.17857142857142858
295	295	0.09090909090909091	0.045454545454545456	0.045454545454545456	0.7727272727272727	0.045454545454545456
296	296	0.09302325581395349	0.18604651162790697	0.16279069767441862	0.09302325581395349	0.46511627906976744
297	297	0.2037037037037037	0.07407407407407407	0.5925925925925926	0.09259259259259259	0.037037037037037035
298	298	0.06382978723404255	0.0851063829787234	0.574468085106383	0.23404255319148937	0.0425531914893617
299	299	0.32	0.2	0.16	0.16	0.16
300	300	0.05405405405405406	0.10810810810810811	0.6486486486486487	0.13513513513513514	0.05405405405405406
301	301	0.05263157894736842	0.3157894736842105	0.3157894736842105	0.2894736842105263	0.02631578947368421
302	302	0.15789473684210525	0.15789473684210525	0.15789473684210525	0.02631578947368421	0.5
303	303	0.6923076923076923	0.07692307692307693	0.07692307692307693	0.07692307692307693	0.07692307692307693
304	304	0.34615384615384615	0.038461538461538464	0.15384615384615385	0.038461538461538464	0.4230769230769231
305	305	0.08108108108108109	0.5945945945945946	0.10810810810810811	0.10810810810810811	0.10810810810810811
306	306	0.21212121212121213	0.12121212121212122	0.15151515151515152	0.45454545454545453	0.06060606060606061
307	307	0.025	0.025	0.4	0.525	0.025
308	308	0.024390243902439025	0.04878048780487805	0.6097560975609756	0.24390243902439024	0.07317073170731707
309	309	0.023255813953488372	0.5348837209302325	0.23255813953488372	0.18604651162790697	0.023255813953488372
310	310	0.1	0.1	0.225	0.05	0.525
311	311	0.05714285714285714	0.4	0.14285714285714285	0.37142857142857144	0.02857142857142857
312	312	0.08333333333333333	0.08333333333333333	0.08333333333333333	0.08333333333333333	0.6666666666666666
313	313	0.03225806451612903	0.12903225806451613	0.41935483870967744	0.0967741935483871	0.3225806451612903
314	314	0.5	0.05	0.15	0.2	0.1
315	315	0.07142857142857142	0.07142857142857142	0.07142857142857142	0.5714285714285714	0.21428571428571427
316	316	0.4444444444444444	0.1111111111111111	0.2222222222222222	0.1111111111111111	0.1111111111111111
317	317	0.043478260869565216	0.13043478260869565	0.5217391304347826	0.21739130434782608	0.08695652173913043
318	318	0.043478260869565216	0.4782608695652174	0.08695652173913043	0.17391304347826086	0.21739130434782608
319	319	0.034482758620689655	0.10344827586206896	0.10344827586206896	0.6206896551724138	0.13793103448275862
320	320	0.043478260869565216	0.2608695652173913	0.2391304347826087	0.30434782608695654	0.15217391304347827
321	321	0.1076923076923077	0.3076923076923077	0.16923076923076924	0.03076923076923077	0.38461538461538464
322	322	0.21739130434782608	0.30434782608695654	0.21739130434782608	0.21739130434782608	0.043478260869565216
323	323	0.03333333333333333	0.23333333333333334	0.16666666666666666	0.5333333333333333	0.03333333333333333
324	324	0.08823529411764706	0.5588235294117647	0.23529411764705882	0.08823529411764706	0.029411764705882353
325	325	0.03333333333333333	0.16666666666666666	0.6333333333333333	0.1	0.06666666666666667
326	326	0.24	0.24	0.24	0.04	0.24
327	327	0.14285714285714285	0.07142857142857142	0.47619047619047616	0.023809523809523808	0.2857142857142857
328	328	0.08571428571428572	0.02857142857142857	0.05714285714285714	0.5714285714285714	0.2571428571428571
329	329	0.06521739130434782	0.021739130434782608	0.32608695652173914	0.5652173913043478	0.021739130434782608
330	330	0.07692307692307693	0.20512820512820512	0.1282051282051282	0.28205128205128205	0.3076923076923077
331	331	0.10714285714285714	0.03571428571428571	0.07142857142857142	0.6428571428571429	0.14285714285714285
332	332	0.3	0.05	0.1	0.05	0.5
333	333	0.6923076923076923	0.07692307692307693	0.07692307692307693	0.07692307692307693	0.07692307692307693
334	334	0.058823529411764705	0.058823529411764705	0.7058823529411765	0.11764705882352941	0.058823529411764705
335	335	0.25	0.05	0.3	0.35	0.05
336	336	0.08	0.06	0.1	0.1	0.66
337	337	0.1935483870967742	0.16129032258064516	0.0967741935483871	0.12903225806451613	0.41935483870967744
338	338	0.0625	0.0625	0.5	0.1875	0.1875
339	339	0.25	0.08333333333333333	0.3333333333333333	0.08333333333333333	0.25
340	340	0.016129032258064516	0.2903225806451613	0.46774193548387094	0.1935483870967742	0.03225806451612903
341	341	0.10526315789473684	0.10526315789473684	0.47368421052631576	0.2631578947368421	0.05263157894736842
342	342	0.6923076923076923	0.07692307692307693	0.07692307692307693	0.07692307692307693	0.07692307692307693
343	343	0.07547169811320754	0.09433962264150944	0.6415094339622641	0.03773584905660377	0.1509433962264151
344	344	0.07462686567164178	0.14925373134328357	0.2835820895522388	0.47761194029850745	0.014925373134328358
345	345	0.18	0.1	0.3	0.24	0.18
346	346	0.32	0.36	0.04	0.16	0.12
347	347	0.14285714285714285	0.14285714285714285	0.5714285714285714	0.07142857142857142	0.07142857142857142
348	348	0.030303030303030304	0.12121212121212122	0.06060606060606061	0.7575757575757576	0.030303030303030304
349	349	0.16666666666666666	0.2777777777777778	0.2777777777777778	0.05555555555555555	0.2222222222222222
350	350	0.24324324324324326	0.02702702702702703	0.02702702702702703	0.21621621621621623	0.4864864864864865
351	351	0.10909090909090909	0.2909090909090909	0.2727272727272727	0.14545454545454545	0.18181818181818182
352	352	0.030303030303030304	0.15151515151515152	0.2727272727272727	0.3939393939393939	0.15151515151515152
353	353	0.18181818181818182	0.045454545454545456	0.5909090909090909	0.09090909090909091	0.09090909090909091
354	354	0.13953488372093023	0.46511627906976744	0.20930232558139536	0.09302325581395349	0.09302325581395349
355	355	0.2857142857142857	0.2857142857142857	0.14285714285714285	0.14285714285714285	0.14285714285714285
356	356	0.14285714285714285	0.42857142857142855	0.03571428571428571	0.03571428571428571	0.35714285714285715
357	357	0.1518987341772152	0.3670886075949367	0.11392405063291139	0.21518987341772153	0.1518987341772152
358	358	0.23809523809523808	0.19047619047619047	0.19047619047619047	0.3333333333333333	0.047619047619047616
359	359	0.38461538461538464	0.07692307692307693	0.09615384615384616	0.15384615384615385	0.28846153846153844
360	360	0.42857142857142855	0.07142857142857142	0.2857142857142857	0.07142857142857142	0.14285714285714285
361	361	0.06060606060606061	0.12121212121212122	0.06060606060606061	0.18181818181818182	0.5757575757575758
362	362	0.07142857142857142	0.14285714285714285	0.6428571428571429	0.07142857142857142	0.07142857142857142
363	363	0.047619047619047616	0.14285714285714285	0.3333333333333333	0.42857142857142855	0.047619047619047616
364	364	0.07692307692307693	0.1282051282051282	0.10256410256410256	0.1794871794871795	0.5128205128205128
365	365	0.14285714285714285	0.14285714285714285	0.14285714285714285	0.2857142857142857	0.2857142857142857
366	366	0.07407407407407407	0.07407407407407407	0.42592592592592593	0.3333333333333333	0.09259259259259259
367	367	0.09375	0.46875	0.125	0.0625	0.25
368	368	0.08333333333333333	0.2916666666666667	0.041666666666666664	0.4583333333333333	0.125
369	369	0.15151515151515152	0.30303030303030304	0.42424242424242425	0.09090909090909091	0.030303030303030304
370	370	0.45454545454545453	0.030303030303030304	0.030303030303030304	0.24242424242424243	0.24242424242424243
371	371	0.125	0.25	0.25	0.25	0.125
372	372	0.047619047619047616	0.14285714285714285	0.047619047619047616	0.047619047619047616	0.7142857142857143
373	373	0.3888888888888889	0.16666666666666666	0.05555555555555555	0.1111111111111111	0.2777777777777778
374	374	0.2727272727272727	0.18181818181818182	0.15151515151515152	0.30303030303030304	0.09090909090909091
375	375	0.01818181818181818	0.09090909090909091	0.14545454545454545	0.10909090909090909	0.6363636363636364
376	376	0.047619047619047616	0.09523809523809523	0.2857142857142857	0.047619047619047616	0.5238095238095238
377	377	0.14285714285714285	0.2857142857142857	0.14285714285714285	0.14285714285714285	0.2857142857142857
378	378	0.2692307692307692	0.11538461538461539	0.34615384615384615	0.038461538461538464	0.23076923076923078
379	379	0.2692307692307692	0.38461538461538464	0.038461538461538464	0.2692307692307692	0.038461538461538464
380	380	0.6	0.1	0.1	0.1	0.1
381	381	0.11764705882352941	0.11764705882352941	0.058823529411764705	0.11764705882352941	0.5882352941176471
382	382	0.125	0.041666666666666664	0.4166666666666667	0.375	0.041666666666666664
383	383	0.05	0.25	0.25	0.35	0.1
384	384	0.04	0.16	0.28	0.44	0.08
385	385	0.23076923076923078	0.07692307692307693	0.15384615384615385	0.15384615384615385	0.38461538461538464
386	386	0.12	0.24	0.12	0.12	0.4
387	387	0.2	0.26666666666666666	0.26666666666666666	0.2222222222222222	0.044444444444444446
388	388	0.07142857142857142	0.14285714285714285	0.2857142857142857	0.35714285714285715	0.14285714285714285
389	389	0.15	0.45	0.275	0.05	0.075
390	390	0.034482758620689655	0.10344827586206896	0.27586206896551724	0.10344827586206896	0.4827586206896552
391	391	0.1388888888888889	0.1111111111111111	0.3611111111111111	0.2777777777777778	0.1111111111111111
392	392	0.1891891891891892	0.05405405405405406	0.10810810810810811	0.4864864864864865	0.16216216216216217
393	393	0.1875	0.28125	0.25	0.1875	0.09375
394	394	0.11764705882352941	0.17647058823529413	0.11764705882352941	0.11764705882352941	0.47058823529411764
395	395	0.043478260869565216	0.13043478260869565	0.43478260869565216	0.11594202898550725	0.2753623188405797
396	396	0.14285714285714285	0.11428571428571428	0.2571428571428571	0.08571428571428572	0.4
397	397	0.3181818181818182	0.045454545454545456	0.045454545454545456	0.4090909090909091	0.18181818181818182
398	398	0.04	0.28	0.4	0.24	0.04
399	399	0.21621621621621623	0.21621621621621623	0.05405405405405406	0.2972972972972973	0.21621621621621623
400	400	0.046511627906976744	0.023255813953488372	0.09302325581395349	0.06976744186046512	0.7674418604651163
401	401	0.037037037037037035	0.2962962962962963	0.07407407407407407	0.14814814814814814	0.4444444444444444
402	402	0.03571428571428571	0.35714285714285715	0.39285714285714285	0.14285714285714285	0.07142857142857142
403	403	0.6	0.1	0.1	0.1	0.1
404	404	0.07692307692307693	0.11538461538461539	0.038461538461538464	0.11538461538461539	0.6538461538461539
405	405	0.6	0.1	0.1	0.1	0.1
406	406	0.5227272727272727	0.1590909090909091	0.09090909090909091	0.1590909090909091	0.06818181818181818
407	407	0.1111111111111111	0.14814814814814814	0.3333333333333333	0.2962962962962963	0.1111111111111111
408	408	0.08333333333333333	0.08333333333333333	0.08333333333333333	0.6666666666666666	0.08333333333333333
409	409	0.3023255813953488	0.2558139534883721	0.16279069767441862	0.23255813953488372	0.046511627906976744
410	410	0.20408163265306123	0.10204081632653061	0.14285714285714285	0.5306122448979592	0.02040816326530612
411	411	0.125	0.25	0.125	0.25	0.25
412	412	0.1276595744680851	0.14893617021276595	0.2553191489361702	0.02127659574468085	0.44680851063829785
413	413	0.2857142857142857	0.07142857142857142	0.07142857142857142	0.14285714285714285	0.42857142857142855
414	414	0.10526315789473684	0.2631578947368421	0.15789473684210525	0.21052631578947367	0.2631578947368421
415	415	0.07407407407407407	0.7037037037037037	0.07407407407407407	0.037037037037037035	0.1111111111111111
416	416	0.03225806451612903	0.16129032258064516	0.3548387096774194	0.06451612903225806	0.3870967741935484
417	417	0.02857142857142857	0.02857142857142857	0.4857142857142857	0.37142857142857144	0.08571428571428572
418	418	0.1568627450980392	0.1568627450980392	0.1568627450980392	0.49019607843137253	0.0392156862745098
419	419	0.20833333333333334	0.2916666666666667	0.2916666666666667	0.125	0.08333333333333333
420	420	0.07894736842105263	0.07894736842105263	0.3684210526315789	0.39473684210526316	0.07894736842105263
421	421	0.03333333333333333	0.6	0.1	0.16666666666666666	0.1
422	422	0.03571428571428571	0.03571428571428571	0.6428571428571429	0.17857142857142858	0.10714285714285714
423	423	0.03125	0.15625	0.03125	0.375	0.40625
424	424	0.022727272727272728	0.022727272727272728	0.75	0.11363636363636363	0.09090909090909091
425	425	0.10869565217391304	0.13043478260869565	0.08695652173913043	0.08695652173913043	0.5869565217391305
426	426	0.2	0.3333333333333333	0.1	0.13333333333333333	0.23333333333333334
427	427	0.3469387755102041	0.22448979591836735	0.10204081632653061	0.02040816326530612	0.30612244897959184
428	428	0.4166666666666667	0.08333333333333333	0.16666666666666666	0.25	0.08333333333333333
429	429	0.05	0.15	0.25	0.5	0.05
430	430	0.041666666666666664	0.041666666666666664	0.2916666666666667	0.375	0.25
431	431	0.7333333333333333	0.06666666666666667	0.06666666666666667	0.06666666666666667	0.06666666666666667
432	432	0.17647058823529413	0.17647058823529413	0.058823529411764705	0.23529411764705882	0.35294117647058826
433	433	0.6923076923076923	0.07692307692307693	0.07692307692307693	0.07692307692307693	0.07692307692307693
434	434	0.04	0.36	0.46	0.06	0.08
435	435	0.06451612903225806	0.3225806451612903	0.3548387096774194	0.0967741935483871	0.16129032258064516
436	436	0.1875	0.0625	0.1875	0.0625	0.5
