0	0	0.009259259259259259	0.009259259259259259	0.046296296296296294	0.009259259259259259	0.009259259259259259	0.009259259259259259	0.009259259259259259	0.08333333333333333	0.08333333333333333	0.009259259259259259	0.009259259259259259	0.009259259259259259	0.4537037037037037	0.009259259259259259	0.009259259259259259	0.009259259259259259	0.009259259259259259	0.19444444444444445	0.009259259259259259	0.009259259259259259
1	1	0.007575757575757576	0.007575757575757576	0.007575757575757576	0.007575757575757576	0.007575757575757576	0.007575757575757576	0.007575757575757576	0.03787878787878788	0.007575757575757576	0.007575757575757576	0.007575757575757576	0.03787878787878788	0.007575757575757576	0.007575757575757576	0.4621212121212121	0.1893939393939394	0.007575757575757576	0.1590909090909091	0.007575757575757576	0.007575757575757576
2	2	0.03205128205128205	0.00641025641025641	0.08333333333333333	0.00641025641025641	0.057692307692307696	0.03205128205128205	0.00641025641025641	0.3141025641025641	0.00641025641025641	0.1858974358974359	0.10897435897435898	0.057692307692307696	0.00641025641025641	0.03205128205128205	0.00641025641025641	0.00641025641025641	0.03205128205128205	0.00641025641025641	0.00641025641025641	0.00641025641025641
3	3	0.005681818181818182	0.028409090909090908	0.005681818181818182	0.028409090909090908	0.005681818181818182	0.028409090909090908	0.14204545454545456	0.005681818181818182	0.028409090909090908	0.005681818181818182	0.2556818181818182	0.005681818181818182	0.07386363636363637	0.005681818181818182	0.005681818181818182	0.30113636363636365	0.005681818181818182	0.005681818181818182	0.05113636363636364	0.005681818181818182
4	4	0.006578947368421052	0.006578947368421052	0.03289473684210526	0.05921052631578947	0.006578947368421052	0.006578947368421052	0.13815789473684212	0.05921052631578947	0.006578947368421052	0.006578947368421052	0.03289473684210526	0.006578947368421052	0.006578947368421052	0.05921052631578947	0.006578947368421052	0.006578947368421052	0.006578947368421052	0.5328947368421053	0.006578947368421052	0.006578947368421052
5	5	0.011904761904761904	0.011904761904761904	0.011904761904761904	0.011904761904761904	0.011904761904761904	0.05952380952380952	0.25	0.34523809523809523	0.011904761904761904	0.011904761904761904	0.15476190476190477	0.011904761904761904	0.011904761904761904	0.011904761904761904	0.011904761904761904	0.011904761904761904	0.011904761904761904	0.011904761904761904	0.011904761904761904	0.011904761904761904
6	6	0.007352941176470588	0.007352941176470588	0.09558823529411764	0.09558823529411764	0.007352941176470588	0.03676470588235294	0.007352941176470588	0.007352941176470588	0.007352941176470588	0.007352941176470588	0.007352941176470588	0.007352941176470588	0.09558823529411764	0.125	0.007352941176470588	0.0661764705882353	0.125	0.007352941176470588	0.007352941176470588	0.27205882352941174
7	7	0.00641025641025641	0.08333333333333333	0.00641025641025641	0.08333333333333333	0.03205128205128205	0.00641025641025641	0.00641025641025641	0.03205128205128205	0.00641025641025641	0.00641025641025641	0.00641025641025641	0.3141025641025641	0.057692307692307696	0.00641025641025641	0.1858974358974359	0.10897435897435898	0.00641025641025641	0.00641025641025641	0.03205128205128205	0.00641025641025641
8	8	0.015625	0.015625	0.015625	0.015625	0.015625	0.078125	0.015625	0.265625	0.015625	0.015625	0.078125	0.015625	0.015625	0.015625	0.078125	0.015625	0.015625	0.015625	0.015625	0.265625
9	9	0.0078125	0.0078125	0.0078125	0.0703125	0.1328125	0.0078125	0.0390625	0.0078125	0.0078125	0.0078125	0.0078125	0.0078125	0.0078125	0.5078125	0.0390625	0.0078125	0.0078125	0.0078125	0.0078125	0.1015625
10	10	0.008333333333333333	0.008333333333333333	0.10833333333333334	0.008333333333333333	0.075	0.008333333333333333	0.041666666666666664	0.008333333333333333	0.008333333333333333	0.275	0.20833333333333334	0.008333333333333333	0.041666666666666664	0.008333333333333333	0.008333333333333333	0.10833333333333334	0.008333333333333333	0.041666666666666664	0.008333333333333333	0.008333333333333333
11	11	0.008064516129032258	0.008064516129032258	0.008064516129032258	0.008064516129032258	0.008064516129032258	0.07258064516129033	0.008064516129032258	0.008064516129032258	0.008064516129032258	0.008064516129032258	0.04032258064516129	0.29838709677419356	0.4274193548387097	0.008064516129032258	0.008064516129032258	0.008064516129032258	0.008064516129032258	0.008064516129032258	0.04032258064516129	0.008064516129032258
12	12	0.006578947368421052	0.19078947368421054	0.006578947368421052	0.1118421052631579	0.05921052631578947	0.05921052631578947	0.006578947368421052	0.1118421052631579	0.006578947368421052	0.006578947368421052	0.006578947368421052	0.006578947368421052	0.006578947368421052	0.24342105263157895	0.08552631578947369	0.006578947368421052	0.006578947368421052	0.006578947368421052	0.006578947368421052	0.05921052631578947
13	13	0.01	0.01	0.01	0.01	0.01	0.05	0.01	0.01	0.01	0.25	0.01	0.01	0.01	0.01	0.01	0.01	0.05	0.21	0.01	0.29
14	14	0.0078125	0.2890625	0.0078125	0.0078125	0.3515625	0.0078125	0.0078125	0.0078125	0.0078125	0.0078125	0.0703125	0.0078125	0.0078125	0.0390625	0.0390625	0.0703125	0.0078125	0.0390625	0.0078125	0.0078125
15	15	0.03571428571428571	0.03571428571428571	0.03571428571428571	0.03571428571428571	0.03571428571428571	0.03571428571428571	0.03571428571428571	0.03571428571428571	0.03571428571428571	0.03571428571428571	0.03571428571428571	0.03571428571428571	0.03571428571428571	0.03571428571428571	0.03571428571428571	0.03571428571428571	0.03571428571428571	0.17857142857142858	0.17857142857142858	0.03571428571428571
16	16	0.06538461538461539	0.0038461538461538464	0.0038461538461538464	0.019230769230769232	0.0038461538461538464	0.0038461538461538464	0.019230769230769232	0.03461538461538462	0.0038461538461538464	0.2653846153846154	0.1423076923076923	0.019230769230769232	0.019230769230769232	0.0038461538461538464	0.03461538461538462	0.23461538461538461	0.0038461538461538464	0.11153846153846154	0.0038461538461538464	0.0038461538461538464
17	17	0.08333333333333333	0.009259259259259259	0.009259259259259259	0.046296296296296294	0.009259259259259259	0.046296296296296294	0.009259259259259259	0.009259259259259259	0.009259259259259259	0.009259259259259259	0.009259259259259259	0.009259259259259259	0.37962962962962965	0.23148148148148148	0.009259259259259259	0.009259259259259259	0.009259259259259259	0.046296296296296294	0.046296296296296294	0.009259259259259259
18	18	0.008064516129032258	0.10483870967741936	0.008064516129032258	0.008064516129032258	0.008064516129032258	0.008064516129032258	0.04032258064516129	0.10483870967741936	0.008064516129032258	0.10483870967741936	0.008064516129032258	0.008064516129032258	0.008064516129032258	0.1693548387096774	0.008064516129032258	0.008064516129032258	0.33064516129032256	0.008064516129032258	0.008064516129032258	0.04032258064516129
19	19	0.0078125	0.1015625	0.0078125	0.1015625	0.0078125	0.0078125	0.0078125	0.0078125	0.0078125	0.0078125	0.0703125	0.0078125	0.0078125	0.4140625	0.0078125	0.0390625	0.1328125	0.0390625	0.0078125	0.0078125
20	20	0.025	0.025	0.025	0.025	0.025	0.025	0.025	0.225	0.025	0.025	0.125	0.125	0.025	0.025	0.025	0.025	0.025	0.025	0.125	0.025
21	21	0.008064516129032258	0.008064516129032258	0.07258064516129033	0.008064516129032258	0.008064516129032258	0.008064516129032258	0.008064516129032258	0.008064516129032258	0.008064516129032258	0.04032258064516129	0.04032258064516129	0.04032258064516129	0.008064516129032258	0.008064516129032258	0.008064516129032258	0.2661290322580645	0.04032258064516129	0.20161290322580644	0.008064516129032258	0.20161290322580644
22	22	0.0078125	0.2578125	0.0078125	0.0390625	0.0078125	0.0078125	0.0703125	0.0078125	0.0390625	0.0078125	0.0078125	0.0078125	0.2578125	0.0078125	0.0078125	0.0078125	0.0703125	0.1328125	0.0390625	0.0078125
23	23	0.034722222222222224	0.14583333333333334	0.006944444444444444	0.034722222222222224	0.006944444444444444	0.006944444444444444	0.006944444444444444	0.3125	0.006944444444444444	0.006944444444444444	0.034722222222222224	0.006944444444444444	0.006944444444444444	0.2013888888888889	0.006944444444444444	0.006944444444444444	0.09027777777777778	0.006944444444444444	0.006944444444444444	0.0625
24	24	0.020833333333333332	0.17083333333333334	0.0875	0.004166666666666667	0.12083333333333333	0.004166666666666667	0.004166666666666667	0.004166666666666667	0.10416666666666667	0.004166666666666667	0.004166666666666667	0.020833333333333332	0.004166666666666667	0.004166666666666667	0.020833333333333332	0.004166666666666667	0.05416666666666667	0.12083333333333333	0.2375	0.004166666666666667
25	25	0.016666666666666666	0.016666666666666666	0.08333333333333333	0.016666666666666666	0.016666666666666666	0.016666666666666666	0.016666666666666666	0.016666666666666666	0.08333333333333333	0.08333333333333333	0.21666666666666667	0.016666666666666666	0.016666666666666666	0.016666666666666666	0.016666666666666666	0.016666666666666666	0.15	0.15	0.016666666666666666	0.016666666666666666
26	26	0.007352941176470588	0.007352941176470588	0.007352941176470588	0.007352941176470588	0.007352941176470588	0.007352941176470588	0.007352941176470588	0.007352941176470588	0.007352941176470588	0.09558823529411764	0.0661764705882353	0.007352941176470588	0.007352941176470588	0.007352941176470588	0.625	0.007352941176470588	0.007352941176470588	0.09558823529411764	0.007352941176470588	0.007352941176470588
27	27	0.005952380952380952	0.005952380952380952	0.005952380952380952	0.005952380952380952	0.005952380952380952	0.8392857142857143	0.005952380952380952	0.005952380952380952	0.005952380952380952	0.005952380952380952	0.005952380952380952	0.005952380952380952	0.05357142857142857	0.005952380952380952	0.005952380952380952	0.005952380952380952	0.005952380952380952	0.005952380952380952	0.005952380952380952	0.005952380952380952
28	28	0.017857142857142856	0.08928571428571429	0.017857142857142856	0.017857142857142856	0.017857142857142856	0.017857142857142856	0.017857142857142856	0.16071428571428573	0.017857142857142856	0.017857142857142856	0.16071428571428573	0.017857142857142856	0.08928571428571429	0.08928571428571429	0.017857142857142856	0.017857142857142856	0.017857142857142856	0.017857142857142856	0.017857142857142856	0.16071428571428573
29	29	0.03205128205128205	0.10897435897435898	0.00641025641025641	0.08333333333333333	0.08333333333333333	0.03205128205128205	0.00641025641025641	0.00641025641025641	0.00641025641025641	0.00641025641025641	0.03205128205128205	0.00641025641025641	0.08333333333333333	0.00641025641025641	0.00641025641025641	0.057692307692307696	0.00641025641025641	0.26282051282051283	0.16025641025641027	0.00641025641025641
30	30	0.25980392156862747	0.10294117647058823	0.024509803921568627	0.004901960784313725	0.004901960784313725	0.004901960784313725	0.024509803921568627	0.004901960784313725	0.024509803921568627	0.004901960784313725	0.004901960784313725	0.004901960784313725	0.25980392156862747	0.024509803921568627	0.004901960784313725	0.04411764705882353	0.004901960784313725	0.18137254901960784	0.004901960784313725	0.004901960784313725
31	31	0.018656716417910446	0.15298507462686567	0.033582089552238806	0.0037313432835820895	0.0037313432835820895	0.018656716417910446	0.0037313432835820895	0.0037313432835820895	0.018656716417910446	0.0037313432835820895	0.0037313432835820895	0.0037313432835820895	0.0037313432835820895	0.22761194029850745	0.033582089552238806	0.06343283582089553	0.018656716417910446	0.0037313432835820895	0.2873134328358209	0.09328358208955224
32	32	0.078125	0.015625	0.015625	0.140625	0.015625	0.015625	0.203125	0.015625	0.015625	0.015625	0.015625	0.265625	0.015625	0.015625	0.015625	0.015625	0.015625	0.078125	0.015625	0.015625
33	33	0.008620689655172414	0.04310344827586207	0.008620689655172414	0.14655172413793102	0.04310344827586207	0.008620689655172414	0.11206896551724138	0.008620689655172414	0.008620689655172414	0.008620689655172414	0.008620689655172414	0.008620689655172414	0.008620689655172414	0.008620689655172414	0.04310344827586207	0.04310344827586207	0.14655172413793102	0.008620689655172414	0.31896551724137934	0.008620689655172414
34	34	0.019230769230769232	0.019230769230769232	0.6346153846153846	0.019230769230769232	0.019230769230769232	0.019230769230769232	0.019230769230769232	0.019230769230769232	0.019230769230769232	0.019230769230769232	0.019230769230769232	0.019230769230769232	0.019230769230769232	0.019230769230769232	0.019230769230769232	0.019230769230769232	0.019230769230769232	0.019230769230769232	0.019230769230769232	0.019230769230769232
35	35	0.005555555555555556	0.027777777777777776	0.005555555555555556	0.11666666666666667	0.005555555555555556	0.005555555555555556	0.005555555555555556	0.07222222222222222	0.005555555555555556	0.005555555555555556	0.1388888888888889	0.05	0.11666666666666667	0.3611111111111111	0.005555555555555556	0.005555555555555556	0.05	0.005555555555555556	0.005555555555555556	0.005555555555555556
36	36	0.005555555555555556	0.2722222222222222	0.005555555555555556	0.027777777777777776	0.027777777777777776	0.005555555555555556	0.20555555555555555	0.005555555555555556	0.1388888888888889	0.005555555555555556	0.005555555555555556	0.005555555555555556	0.005555555555555556	0.027777777777777776	0.005555555555555556	0.005555555555555556	0.22777777777777777	0.005555555555555556	0.005555555555555556	0.005555555555555556
37	37	0.013888888888888888	0.013888888888888888	0.013888888888888888	0.013888888888888888	0.013888888888888888	0.013888888888888888	0.013888888888888888	0.013888888888888888	0.013888888888888888	0.06944444444444445	0.013888888888888888	0.4027777777777778	0.013888888888888888	0.013888888888888888	0.013888888888888888	0.013888888888888888	0.125	0.06944444444444445	0.013888888888888888	0.125
38	38	0.019230769230769232	0.019230769230769232	0.019230769230769232	0.019230769230769232	0.019230769230769232	0.019230769230769232	0.019230769230769232	0.019230769230769232	0.019230769230769232	0.09615384615384616	0.019230769230769232	0.019230769230769232	0.019230769230769232	0.25	0.019230769230769232	0.019230769230769232	0.3269230769230769	0.019230769230769232	0.019230769230769232	0.019230769230769232
39	39	0.013888888888888888	0.06944444444444445	0.013888888888888888	0.013888888888888888	0.013888888888888888	0.013888888888888888	0.06944444444444445	0.013888888888888888	0.013888888888888888	0.013888888888888888	0.3472222222222222	0.013888888888888888	0.06944444444444445	0.013888888888888888	0.125	0.013888888888888888	0.013888888888888888	0.125	0.013888888888888888	0.013888888888888888
40	40	0.10483870967741936	0.20161290322580644	0.008064516129032258	0.07258064516129033	0.10483870967741936	0.008064516129032258	0.04032258064516129	0.13709677419354838	0.008064516129032258	0.008064516129032258	0.04032258064516129	0.008064516129032258	0.008064516129032258	0.008064516129032258	0.13709677419354838	0.008064516129032258	0.008064516129032258	0.008064516129032258	0.008064516129032258	0.07258064516129033
41	41	0.009259259259259259	0.046296296296296294	0.009259259259259259	0.1574074074074074	0.009259259259259259	0.046296296296296294	0.1574074074074074	0.009259259259259259	0.009259259259259259	0.009259259259259259	0.009259259259259259	0.3055555555555556	0.009259259259259259	0.009259259259259259	0.046296296296296294	0.009259259259259259	0.08333333333333333	0.009259259259259259	0.046296296296296294	0.009259259259259259
42	42	0.010869565217391304	0.18478260869565216	0.010869565217391304	0.010869565217391304	0.010869565217391304	0.010869565217391304	0.05434782608695652	0.14130434782608695	0.010869565217391304	0.010869565217391304	0.010869565217391304	0.010869565217391304	0.010869565217391304	0.05434782608695652	0.05434782608695652	0.2717391304347826	0.010869565217391304	0.010869565217391304	0.010869565217391304	0.09782608695652174
43	43	0.005208333333333333	0.026041666666666668	0.046875	0.005208333333333333	0.005208333333333333	0.005208333333333333	0.005208333333333333	0.005208333333333333	0.13020833333333334	0.06770833333333333	0.026041666666666668	0.005208333333333333	0.026041666666666668	0.005208333333333333	0.08854166666666667	0.359375	0.06770833333333333	0.109375	0.005208333333333333	0.005208333333333333
44	44	0.03289473684210526	0.03289473684210526	0.29605263157894735	0.03289473684210526	0.006578947368421052	0.1118421052631579	0.006578947368421052	0.05921052631578947	0.03289473684210526	0.006578947368421052	0.006578947368421052	0.006578947368421052	0.05921052631578947	0.03289473684210526	0.006578947368421052	0.05921052631578947	0.006578947368421052	0.006578947368421052	0.16447368421052633	0.03289473684210526
45	45	0.019230769230769232	0.019230769230769232	0.6346153846153846	0.019230769230769232	0.019230769230769232	0.019230769230769232	0.019230769230769232	0.019230769230769232	0.019230769230769232	0.019230769230769232	0.019230769230769232	0.019230769230769232	0.019230769230769232	0.019230769230769232	0.019230769230769232	0.019230769230769232	0.019230769230769232	0.019230769230769232	0.019230769230769232	0.019230769230769232
46	46	0.07758620689655173	0.1810344827586207	0.008620689655172414	0.04310344827586207	0.04310344827586207	0.1810344827586207	0.07758620689655173	0.008620689655172414	0.008620689655172414	0.008620689655172414	0.008620689655172414	0.008620689655172414	0.008620689655172414	0.07758620689655173	0.008620689655172414	0.008620689655172414	0.14655172413793102	0.008620689655172414	0.008620689655172414	0.07758620689655173
47	47	0.013157894736842105	0.06578947368421052	0.013157894736842105	0.013157894736842105	0.013157894736842105	0.06578947368421052	0.013157894736842105	0.06578947368421052	0.11842105263157894	0.013157894736842105	0.06578947368421052	0.013157894736842105	0.3815789473684211	0.06578947368421052	0.013157894736842105	0.013157894736842105	0.013157894736842105	0.013157894736842105	0.013157894736842105	0.013157894736842105
48	48	0.008333333333333333	0.008333333333333333	0.008333333333333333	0.008333333333333333	0.008333333333333333	0.008333333333333333	0.175	0.008333333333333333	0.008333333333333333	0.14166666666666666	0.008333333333333333	0.008333333333333333	0.008333333333333333	0.4083333333333333	0.008333333333333333	0.008333333333333333	0.008333333333333333	0.008333333333333333	0.075	0.075
49	49	0.22023809523809523	0.02976190476190476	0.17261904761904762	0.005952380952380952	0.005952380952380952	0.005952380952380952	0.005952380952380952	0.005952380952380952	0.005952380952380952	0.005952380952380952	0.10119047619047619	0.005952380952380952	0.02976190476190476	0.22023809523809523	0.05357142857142857	0.07738095238095238	0.02976190476190476	0.005952380952380952	0.005952380952380952	0.005952380952380952
50	50	0.010869565217391304	0.010869565217391304	0.010869565217391304	0.09782608695652174	0.010869565217391304	0.010869565217391304	0.14130434782608695	0.05434782608695652	0.010869565217391304	0.09782608695652174	0.18478260869565216	0.010869565217391304	0.010869565217391304	0.010869565217391304	0.010869565217391304	0.010869565217391304	0.14130434782608695	0.010869565217391304	0.09782608695652174	0.05434782608695652
51	51	0.11607142857142858	0.008928571428571428	0.044642857142857144	0.11607142857142858	0.008928571428571428	0.08035714285714286	0.008928571428571428	0.008928571428571428	0.008928571428571428	0.008928571428571428	0.044642857142857144	0.22321428571428573	0.044642857142857144	0.08035714285714286	0.044642857142857144	0.008928571428571428	0.008928571428571428	0.044642857142857144	0.08035714285714286	0.008928571428571428
52	52	0.054878048780487805	0.006097560975609756	0.006097560975609756	0.07926829268292683	0.006097560975609756	0.054878048780487805	0.006097560975609756	0.03048780487804878	0.006097560975609756	0.006097560975609756	0.054878048780487805	0.006097560975609756	0.17682926829268292	0.25	0.006097560975609756	0.03048780487804878	0.03048780487804878	0.006097560975609756	0.17682926829268292	0.006097560975609756
53	53	0.01	0.01	0.01	0.01	0.09	0.05	0.01	0.01	0.01	0.05	0.17	0.01	0.09	0.01	0.05	0.01	0.09	0.05	0.01	0.25
54	54	0.008333333333333333	0.075	0.008333333333333333	0.008333333333333333	0.008333333333333333	0.008333333333333333	0.008333333333333333	0.20833333333333334	0.008333333333333333	0.008333333333333333	0.008333333333333333	0.30833333333333335	0.041666666666666664	0.008333333333333333	0.10833333333333334	0.075	0.075	0.008333333333333333	0.008333333333333333	0.008333333333333333
55	55	0.025	0.025	0.025	0.025	0.025	0.025	0.225	0.025	0.025	0.025	0.125	0.025	0.025	0.025	0.125	0.025	0.025	0.025	0.025	0.125
56	56	0.019230769230769232	0.019230769230769232	0.5576923076923077	0.019230769230769232	0.019230769230769232	0.09615384615384616	0.019230769230769232	0.019230769230769232	0.019230769230769232	0.019230769230769232	0.019230769230769232	0.019230769230769232	0.019230769230769232	0.019230769230769232	0.019230769230769232	0.019230769230769232	0.019230769230769232	0.019230769230769232	0.019230769230769232	0.019230769230769232
57	57	0.14583333333333334	0.006944444444444444	0.006944444444444444	0.2013888888888889	0.006944444444444444	0.034722222222222224	0.006944444444444444	0.2847222222222222	0.006944444444444444	0.09027777777777778	0.006944444444444444	0.006944444444444444	0.006944444444444444	0.09027777777777778	0.006944444444444444	0.034722222222222224	0.006944444444444444	0.034722222222222224	0.006944444444444444	0.006944444444444444
58	58	0.15441176470588236	0.0661764705882353	0.007352941176470588	0.007352941176470588	0.007352941176470588	0.007352941176470588	0.007352941176470588	0.007352941176470588	0.09558823529411764	0.007352941176470588	0.03676470588235294	0.03676470588235294	0.125	0.27205882352941174	0.09558823529411764	0.007352941176470588	0.03676470588235294	0.007352941176470588	0.007352941176470588	0.007352941176470588
59	59	0.03571428571428571	0.03571428571428571	0.03571428571428571	0.03571428571428571	0.03571428571428571	0.17857142857142858	0.03571428571428571	0.03571428571428571	0.03571428571428571	0.03571428571428571	0.03571428571428571	0.17857142857142858	0.03571428571428571	0.03571428571428571	0.03571428571428571	0.03571428571428571	0.03571428571428571	0.03571428571428571	0.03571428571428571	0.03571428571428571
60	60	0.015625	0.140625	0.015625	0.015625	0.078125	0.015625	0.078125	0.015625	0.015625	0.015625	0.015625	0.015625	0.078125	0.390625	0.015625	0.015625	0.015625	0.015625	0.015625	0.015625
61	61	0.24166666666666667	0.008333333333333333	0.008333333333333333	0.041666666666666664	0.008333333333333333	0.008333333333333333	0.041666666666666664	0.008333333333333333	0.008333333333333333	0.275	0.041666666666666664	0.041666666666666664	0.10833333333333334	0.10833333333333334	0.008333333333333333	0.008333333333333333	0.008333333333333333	0.008333333333333333	0.008333333333333333	0.008333333333333333
62	62	0.03676470588235294	0.4485294117647059	0.007352941176470588	0.007352941176470588	0.007352941176470588	0.007352941176470588	0.007352941176470588	0.007352941176470588	0.3014705882352941	0.007352941176470588	0.007352941176470588	0.007352941176470588	0.007352941176470588	0.007352941176470588	0.007352941176470588	0.007352941176470588	0.007352941176470588	0.03676470588235294	0.0661764705882353	0.007352941176470588
63	63	0.017857142857142856	0.017857142857142856	0.30357142857142855	0.017857142857142856	0.017857142857142856	0.017857142857142856	0.017857142857142856	0.017857142857142856	0.017857142857142856	0.017857142857142856	0.017857142857142856	0.017857142857142856	0.017857142857142856	0.017857142857142856	0.017857142857142856	0.017857142857142856	0.017857142857142856	0.375	0.017857142857142856	0.017857142857142856
64	64	0.014705882352941176	0.014705882352941176	0.07352941176470588	0.014705882352941176	0.19117647058823528	0.014705882352941176	0.25	0.014705882352941176	0.014705882352941176	0.014705882352941176	0.014705882352941176	0.014705882352941176	0.014705882352941176	0.014705882352941176	0.014705882352941176	0.014705882352941176	0.07352941176470588	0.19117647058823528	0.014705882352941176	0.014705882352941176
65	65	0.05952380952380952	0.05952380952380952	0.011904761904761904	0.011904761904761904	0.011904761904761904	0.05952380952380952	0.011904761904761904	0.10714285714285714	0.011904761904761904	0.2976190476190476	0.011904761904761904	0.011904761904761904	0.15476190476190477	0.05952380952380952	0.011904761904761904	0.011904761904761904	0.011904761904761904	0.011904761904761904	0.011904761904761904	0.05952380952380952
66	66	0.022727272727272728	0.022727272727272728	0.022727272727272728	0.022727272727272728	0.022727272727272728	0.022727272727272728	0.5681818181818182	0.022727272727272728	0.022727272727272728	0.022727272727272728	0.022727272727272728	0.022727272727272728	0.022727272727272728	0.022727272727272728	0.022727272727272728	0.022727272727272728	0.022727272727272728	0.022727272727272728	0.022727272727272728	0.022727272727272728
67	67	0.0125	0.2125	0.0125	0.0125	0.0125	0.0125	0.0125	0.0125	0.0125	0.0125	0.0125	0.0125	0.4625	0.0125	0.0125	0.0125	0.0125	0.0125	0.0125	0.1125
68	68	0.019230769230769232	0.019230769230769232	0.019230769230769232	0.17307692307692307	0.019230769230769232	0.019230769230769232	0.019230769230769232	0.019230769230769232	0.019230769230769232	0.019230769230769232	0.019230769230769232	0.3269230769230769	0.019230769230769232	0.019230769230769232	0.019230769230769232	0.019230769230769232	0.019230769230769232	0.17307692307692307	0.019230769230769232	0.019230769230769232
69	69	0.04032258064516129	0.008064516129032258	0.008064516129032258	0.008064516129032258	0.008064516129032258	0.008064516129032258	0.1693548387096774	0.008064516129032258	0.04032258064516129	0.04032258064516129	0.008064516129032258	0.1693548387096774	0.04032258064516129	0.008064516129032258	0.008064516129032258	0.008064516129032258	0.008064516129032258	0.008064516129032258	0.23387096774193547	0.1693548387096774
70	70	0.005952380952380952	0.005952380952380952	0.005952380952380952	0.005952380952380952	0.005952380952380952	0.005952380952380952	0.05357142857142857	0.005952380952380952	0.31547619047619047	0.02976190476190476	0.05357142857142857	0.005952380952380952	0.005952380952380952	0.10119047619047619	0.005952380952380952	0.05357142857142857	0.005952380952380952	0.26785714285714285	0.05357142857142857	0.005952380952380952
71	71	0.11805555555555555	0.006944444444444444	0.14583333333333334	0.006944444444444444	0.006944444444444444	0.006944444444444444	0.006944444444444444	0.006944444444444444	0.006944444444444444	0.09027777777777778	0.14583333333333334	0.006944444444444444	0.09027777777777778	0.22916666666666666	0.006944444444444444	0.09027777777777778	0.006944444444444444	0.006944444444444444	0.006944444444444444	0.006944444444444444
72	72	0.00641025641025641	0.03205128205128205	0.00641025641025641	0.08333333333333333	0.00641025641025641	0.00641025641025641	0.00641025641025641	0.1858974358974359	0.00641025641025641	0.00641025641025641	0.23717948717948717	0.28846153846153844	0.03205128205128205	0.03205128205128205	0.00641025641025641	0.00641025641025641	0.00641025641025641	0.00641025641025641	0.00641025641025641	0.03205128205128205
73	73	0.005952380952380952	0.02976190476190476	0.005952380952380952	0.02976190476190476	0.005952380952380952	0.005952380952380952	0.02976190476190476	0.02976190476190476	0.125	0.5535714285714286	0.005952380952380952	0.02976190476190476	0.05357142857142857	0.05357142857142857	0.005952380952380952	0.005952380952380952	0.005952380952380952	0.005952380952380952	0.005952380952380952	0.005952380952380952
74	74	0.00641025641025641	0.00641025641025641	0.00641025641025641	0.08333333333333333	0.00641025641025641	0.10897435897435898	0.057692307692307696	0.00641025641025641	0.03205128205128205	0.00641025641025641	0.00641025641025641	0.00641025641025641	0.10897435897435898	0.00641025641025641	0.00641025641025641	0.08333333333333333	0.00641025641025641	0.391025641025641	0.00641025641025641	0.057692307692307696
75	75	0.008333333333333333	0.008333333333333333	0.008333333333333333	0.14166666666666666	0.008333333333333333	0.24166666666666667	0.008333333333333333	0.008333333333333333	0.041666666666666664	0.008333333333333333	0.008333333333333333	0.008333333333333333	0.14166666666666666	0.10833333333333334	0.008333333333333333	0.10833333333333334	0.041666666666666664	0.075	0.008333333333333333	0.008333333333333333
76	76	0.004901960784313725	0.16176470588235295	0.004901960784313725	0.004901960784313725	0.004901960784313725	0.004901960784313725	0.024509803921568627	0.004901960784313725	0.004901960784313725	0.04411764705882353	0.004901960784313725	0.06372549019607843	0.24019607843137256	0.08333333333333333	0.004901960784313725	0.08333333333333333	0.08333333333333333	0.004901960784313725	0.004901960784313725	0.16176470588235295
77	77	0.00641025641025641	0.03205128205128205	0.00641025641025641	0.00641025641025641	0.08333333333333333	0.00641025641025641	0.08333333333333333	0.08333333333333333	0.00641025641025641	0.00641025641025641	0.00641025641025641	0.00641025641025641	0.00641025641025641	0.00641025641025641	0.00641025641025641	0.00641025641025641	0.00641025641025641	0.00641025641025641	0.21153846153846154	0.4166666666666667
78	78	0.009615384615384616	0.009615384615384616	0.009615384615384616	0.009615384615384616	0.009615384615384616	0.009615384615384616	0.04807692307692308	0.009615384615384616	0.009615384615384616	0.125	0.009615384615384616	0.20192307692307693	0.20192307692307693	0.04807692307692308	0.009615384615384616	0.009615384615384616	0.04807692307692308	0.08653846153846154	0.009615384615384616	0.125
79	79	0.019230769230769232	0.019230769230769232	0.6346153846153846	0.019230769230769232	0.019230769230769232	0.019230769230769232	0.019230769230769232	0.019230769230769232	0.019230769230769232	0.019230769230769232	0.019230769230769232	0.019230769230769232	0.019230769230769232	0.019230769230769232	0.019230769230769232	0.019230769230769232	0.019230769230769232	0.019230769230769232	0.019230769230769232	0.019230769230769232
80	80	0.022727272727272728	0.022727272727272728	0.022727272727272728	0.29545454545454547	0.022727272727272728	0.022727272727272728	0.022727272727272728	0.11363636363636363	0.022727272727272728	0.022727272727272728	0.022727272727272728	0.022727272727272728	0.022727272727272728	0.20454545454545456	0.022727272727272728	0.022727272727272728	0.022727272727272728	0.022727272727272728	0.022727272727272728	0.022727272727272728
81	81	0.04310344827586207	0.008620689655172414	0.008620689655172414	0.008620689655172414	0.008620689655172414	0.04310344827586207	0.008620689655172414	0.008620689655172414	0.31896551724137934	0.008620689655172414	0.008620689655172414	0.008620689655172414	0.008620689655172414	0.008620689655172414	0.21551724137931033	0.008620689655172414	0.008620689655172414	0.21551724137931033	0.008620689655172414	0.04310344827586207
82	82	0.019230769230769232	0.019230769230769232	0.6346153846153846	0.019230769230769232	0.019230769230769232	0.019230769230769232	0.019230769230769232	0.019230769230769232	0.019230769230769232	0.019230769230769232	0.019230769230769232	0.019230769230769232	0.019230769230769232	0.019230769230769232	0.019230769230769232	0.019230769230769232	0.019230769230769232	0.019230769230769232	0.019230769230769232	0.019230769230769232
83	83	0.007575757575757576	0.007575757575757576	0.007575757575757576	0.007575757575757576	0.007575757575757576	0.007575757575757576	0.007575757575757576	0.03787878787878788	0.007575757575757576	0.007575757575757576	0.03787878787878788	0.007575757575757576	0.3409090909090909	0.06818181818181818	0.007575757575757576	0.03787878787878788	0.007575757575757576	0.25	0.03787878787878788	0.09848484848484848
84	84	0.003676470588235294	0.003676470588235294	0.003676470588235294	0.04779411764705882	0.03308823529411765	0.003676470588235294	0.23897058823529413	0.003676470588235294	0.003676470588235294	0.09191176470588236	0.01838235294117647	0.003676470588235294	0.003676470588235294	0.1213235294117647	0.003676470588235294	0.003676470588235294	0.003676470588235294	0.003676470588235294	0.3125	0.09191176470588236
85	85	0.01	0.01	0.05	0.09	0.09	0.01	0.01	0.01	0.01	0.01	0.09	0.01	0.01	0.05	0.01	0.25	0.01	0.25	0.01	0.01
86	86	0.019230769230769232	0.019230769230769232	0.019230769230769232	0.019230769230769232	0.019230769230769232	0.019230769230769232	0.09615384615384616	0.4807692307692308	0.019230769230769232	0.019230769230769232	0.019230769230769232	0.019230769230769232	0.019230769230769232	0.019230769230769232	0.019230769230769232	0.019230769230769232	0.019230769230769232	0.019230769230769232	0.09615384615384616	0.019230769230769232
87	87	0.17105263157894737	0.013157894736842105	0.06578947368421052	0.013157894736842105	0.013157894736842105	0.013157894736842105	0.013157894736842105	0.013157894736842105	0.013157894736842105	0.013157894736842105	0.013157894736842105	0.06578947368421052	0.013157894736842105	0.11842105263157894	0.11842105263157894	0.013157894736842105	0.013157894736842105	0.013157894736842105	0.06578947368421052	0.2236842105263158
88	88	0.015625	0.015625	0.015625	0.265625	0.078125	0.015625	0.015625	0.015625	0.015625	0.015625	0.015625	0.015625	0.015625	0.203125	0.015625	0.015625	0.015625	0.015625	0.203125	0.015625
89	89	0.05113636363636364	0.05113636363636364	0.005681818181818182	0.005681818181818182	0.005681818181818182	0.005681818181818182	0.2556818181818182	0.005681818181818182	0.005681818181818182	0.005681818181818182	0.005681818181818182	0.005681818181818182	0.09659090909090909	0.21022727272727273	0.05113636363636364	0.11931818181818182	0.07386363636363637	0.005681818181818182	0.005681818181818182	0.028409090909090908
90	90	0.004166666666666667	0.004166666666666667	0.004166666666666667	0.22083333333333333	0.004166666666666667	0.020833333333333332	0.0375	0.020833333333333332	0.004166666666666667	0.15416666666666667	0.004166666666666667	0.004166666666666667	0.020833333333333332	0.17083333333333334	0.17083333333333334	0.0375	0.004166666666666667	0.004166666666666667	0.020833333333333332	0.0875
91	91	0.005813953488372093	0.05232558139534884	0.005813953488372093	0.2616279069767442	0.005813953488372093	0.005813953488372093	0.005813953488372093	0.28488372093023256	0.09883720930232558	0.029069767441860465	0.005813953488372093	0.09883720930232558	0.005813953488372093	0.029069767441860465	0.005813953488372093	0.005813953488372093	0.005813953488372093	0.005813953488372093	0.0755813953488372	0.005813953488372093
92	92	0.008333333333333333	0.008333333333333333	0.275	0.008333333333333333	0.075	0.008333333333333333	0.008333333333333333	0.041666666666666664	0.008333333333333333	0.008333333333333333	0.041666666666666664	0.008333333333333333	0.041666666666666664	0.008333333333333333	0.075	0.008333333333333333	0.008333333333333333	0.20833333333333334	0.008333333333333333	0.14166666666666666
93	93	0.0125	0.0125	0.0125	0.0125	0.0125	0.1125	0.0125	0.0625	0.0125	0.0125	0.0125	0.2125	0.0625	0.1625	0.0125	0.0125	0.1625	0.0625	0.0125	0.0125
94	94	0.09239130434782608	0.02717391304347826	0.005434782608695652	0.005434782608695652	0.22282608695652173	0.005434782608695652	0.005434782608695652	0.02717391304347826	0.02717391304347826	0.02717391304347826	0.1793478260869565	0.02717391304347826	0.005434782608695652	0.04891304347826087	0.07065217391304347	0.005434782608695652	0.07065217391304347	0.005434782608695652	0.005434782608695652	0.1358695652173913
95	95	0.009259259259259259	0.009259259259259259	0.009259259259259259	0.009259259259259259	0.009259259259259259	0.009259259259259259	0.3425925925925926	0.009259259259259259	0.009259259259259259	0.046296296296296294	0.009259259259259259	0.009259259259259259	0.37962962962962965	0.009259259259259259	0.009259259259259259	0.009259259259259259	0.009259259259259259	0.08333333333333333	0.009259259259259259	0.009259259259259259
96	96	0.016666666666666666	0.016666666666666666	0.016666666666666666	0.016666666666666666	0.21666666666666667	0.016666666666666666	0.016666666666666666	0.016666666666666666	0.016666666666666666	0.016666666666666666	0.016666666666666666	0.08333333333333333	0.016666666666666666	0.08333333333333333	0.016666666666666666	0.15	0.016666666666666666	0.15	0.016666666666666666	0.08333333333333333
97	97	0.025	0.025	0.125	0.025	0.025	0.125	0.025	0.025	0.025	0.225	0.025	0.025	0.025	0.025	0.025	0.025	0.025	0.025	0.025	0.125
98	98	0.008333333333333333	0.008333333333333333	0.008333333333333333	0.008333333333333333	0.008333333333333333	0.008333333333333333	0.20833333333333334	0.008333333333333333	0.041666666666666664	0.008333333333333333	0.008333333333333333	0.008333333333333333	0.10833333333333334	0.10833333333333334	0.14166666666666666	0.008333333333333333	0.008333333333333333	0.008333333333333333	0.008333333333333333	0.275
99	99	0.013888888888888888	0.013888888888888888	0.125	0.013888888888888888	0.013888888888888888	0.013888888888888888	0.2916666666666667	0.013888888888888888	0.013888888888888888	0.013888888888888888	0.013888888888888888	0.013888888888888888	0.013888888888888888	0.125	0.013888888888888888	0.013888888888888888	0.013888888888888888	0.18055555555555555	0.013888888888888888	0.06944444444444445
100	100	0.013888888888888888	0.013888888888888888	0.013888888888888888	0.06944444444444445	0.013888888888888888	0.013888888888888888	0.013888888888888888	0.3472222222222222	0.013888888888888888	0.06944444444444445	0.013888888888888888	0.013888888888888888	0.013888888888888888	0.013888888888888888	0.013888888888888888	0.013888888888888888	0.125	0.18055555555555555	0.013888888888888888	0.013888888888888888
101	101	0.01	0.01	0.33	0.01	0.01	0.05	0.13	0.01	0.01	0.01	0.01	0.01	0.05	0.13	0.09	0.01	0.01	0.09	0.01	0.01
102	102	0.0125	0.0125	0.0125	0.0625	0.0125	0.0125	0.0125	0.0125	0.0125	0.0125	0.0625	0.0125	0.0125	0.3625	0.0125	0.0125	0.0125	0.1625	0.0625	0.1125
103	103	0.013888888888888888	0.013888888888888888	0.013888888888888888	0.013888888888888888	0.013888888888888888	0.013888888888888888	0.6805555555555556	0.06944444444444445	0.013888888888888888	0.013888888888888888	0.013888888888888888	0.013888888888888888	0.013888888888888888	0.013888888888888888	0.013888888888888888	0.013888888888888888	0.013888888888888888	0.013888888888888888	0.013888888888888888	0.013888888888888888
104	104	0.10416666666666667	0.020833333333333332	0.020833333333333332	0.1875	0.1875	0.020833333333333332	0.020833333333333332	0.1875	0.020833333333333332	0.020833333333333332	0.020833333333333332	0.020833333333333332	0.020833333333333332	0.020833333333333332	0.020833333333333332	0.020833333333333332	0.020833333333333332	0.020833333333333332	0.020833333333333332	0.020833333333333332
105	105	0.007575757575757576	0.007575757575757576	0.007575757575757576	0.25	0.007575757575757576	0.2196969696969697	0.007575757575757576	0.007575757575757576	0.007575757575757576	0.007575757575757576	0.1590909090909091	0.2196969696969697	0.03787878787878788	0.007575757575757576	0.007575757575757576	0.007575757575757576	0.007575757575757576	0.007575757575757576	0.007575757575757576	0.007575757575757576
106	106	0.009615384615384616	0.009615384615384616	0.009615384615384616	0.009615384615384616	0.009615384615384616	0.8173076923076923	0.009615384615384616	0.009615384615384616	0.009615384615384616	0.009615384615384616	0.009615384615384616	0.009615384615384616	0.009615384615384616	0.009615384615384616	0.009615384615384616	0.009615384615384616	0.009615384615384616	0.009615384615384616	0.009615384615384616	0.009615384615384616
107	107	0.00641025641025641	0.00641025641025641	0.03205128205128205	0.00641025641025641	0.057692307692307696	0.00641025641025641	0.00641025641025641	0.00641025641025641	0.00641025641025641	0.1346153846153846	0.23717948717948717	0.00641025641025641	0.08333333333333333	0.00641025641025641	0.00641025641025641	0.28846153846153844	0.08333333333333333	0.00641025641025641	0.00641025641025641	0.00641025641025641
