0	0	0.009259259259259259	0.009259259259259259	0.08333333333333333	0.009259259259259259	0.009259259259259259	0.009259259259259259	0.37962962962962965	0.009259259259259259	0.009259259259259259	0.046296296296296294	0.009259259259259259	0.009259259259259259	0.08333333333333333	0.009259259259259259	0.009259259259259259	0.26851851851851855	0.009259259259259259	0.009259259259259259	0.009259259259259259	0.009259259259259259
1	1	0.25	0.1590909090909091	0.06818181818181818	0.007575757575757576	0.007575757575757576	0.007575757575757576	0.06818181818181818	0.007575757575757576	0.1590909090909091	0.007575757575757576	0.007575757575757576	0.03787878787878788	0.03787878787878788	0.007575757575757576	0.007575757575757576	0.03787878787878788	0.06818181818181818	0.03787878787878788	0.007575757575757576	0.007575757575757576
2	2	0.00641025641025641	0.00641025641025641	0.00641025641025641	0.00641025641025641	0.00641025641025641	0.00641025641025641	0.00641025641025641	0.00641025641025641	0.00641025641025641	0.03205128205128205	0.00641025641025641	0.3141025641025641	0.00641025641025641	0.00641025641025641	0.00641025641025641	0.057692307692307696	0.03205128205128205	0.03205128205128205	0.4166666666666667	0.03205128205128205
3	3	0.11931818181818182	0.005681818181818182	0.2556818181818182	0.005681818181818182	0.005681818181818182	0.005681818181818182	0.16477272727272727	0.005681818181818182	0.028409090909090908	0.005681818181818182	0.005681818181818182	0.005681818181818182	0.005681818181818182	0.005681818181818182	0.16477272727272727	0.14204545454545456	0.05113636363636364	0.005681818181818182	0.005681818181818182	0.005681818181818182
4	4	0.006578947368421052	0.006578947368421052	0.006578947368421052	0.05921052631578947	0.006578947368421052	0.006578947368421052	0.45394736842105265	0.006578947368421052	0.006578947368421052	0.006578947368421052	0.006578947368421052	0.08552631578947369	0.006578947368421052	0.006578947368421052	0.006578947368421052	0.26973684210526316	0.006578947368421052	0.006578947368421052	0.03289473684210526	0.006578947368421052
5	5	0.011904761904761904	0.011904761904761904	0.10714285714285714	0.10714285714285714	0.011904761904761904	0.011904761904761904	0.011904761904761904	0.011904761904761904	0.15476190476190477	0.011904761904761904	0.011904761904761904	0.011904761904761904	0.011904761904761904	0.05952380952380952	0.011904761904761904	0.15476190476190477	0.20238095238095238	0.05952380952380952	0.011904761904761904	0.011904761904761904
6	6	0.007352941176470588	0.007352941176470588	0.18382352941176472	0.27205882352941174	0.007352941176470588	0.007352941176470588	0.007352941176470588	0.0661764705882353	0.15441176470588236	0.007352941176470588	0.007352941176470588	0.007352941176470588	0.007352941176470588	0.007352941176470588	0.007352941176470588	0.21323529411764705	0.007352941176470588	0.007352941176470588	0.007352941176470588	0.007352941176470588
7	7	0.00641025641025641	0.00641025641025641	0.10897435897435898	0.03205128205128205	0.00641025641025641	0.00641025641025641	0.00641025641025641	0.00641025641025641	0.00641025641025641	0.00641025641025641	0.00641025641025641	0.03205128205128205	0.00641025641025641	0.1858974358974359	0.00641025641025641	0.00641025641025641	0.08333333333333333	0.00641025641025641	0.391025641025641	0.08333333333333333
8	8	0.015625	0.015625	0.015625	0.078125	0.015625	0.015625	0.015625	0.015625	0.015625	0.078125	0.015625	0.015625	0.015625	0.078125	0.015625	0.328125	0.015625	0.078125	0.140625	0.015625
9	9	0.0078125	0.0390625	0.0078125	0.3828125	0.0078125	0.0078125	0.0390625	0.0078125	0.1015625	0.0078125	0.0078125	0.0078125	0.0078125	0.0078125	0.0078125	0.1640625	0.0078125	0.1640625	0.0078125	0.0078125
10	10	0.041666666666666664	0.008333333333333333	0.275	0.008333333333333333	0.008333333333333333	0.008333333333333333	0.175	0.14166666666666666	0.008333333333333333	0.008333333333333333	0.008333333333333333	0.20833333333333334	0.008333333333333333	0.041666666666666664	0.008333333333333333	0.008333333333333333	0.008333333333333333	0.008333333333333333	0.008333333333333333	0.008333333333333333
11	11	0.04032258064516129	0.008064516129032258	0.008064516129032258	0.008064516129032258	0.008064516129032258	0.10483870967741936	0.008064516129032258	0.008064516129032258	0.008064516129032258	0.20161290322580644	0.008064516129032258	0.07258064516129033	0.008064516129032258	0.008064516129032258	0.008064516129032258	0.33064516129032256	0.07258064516129033	0.07258064516129033	0.008064516129032258	0.008064516129032258
12	12	0.006578947368421052	0.006578947368421052	0.006578947368421052	0.29605263157894735	0.006578947368421052	0.03289473684210526	0.006578947368421052	0.006578947368421052	0.006578947368421052	0.03289473684210526	0.03289473684210526	0.006578947368421052	0.006578947368421052	0.006578947368421052	0.006578947368421052	0.006578947368421052	0.1118421052631579	0.006578947368421052	0.19078947368421054	0.21710526315789475
13	13	0.01	0.01	0.01	0.01	0.01	0.01	0.01	0.01	0.05	0.01	0.01	0.41	0.01	0.01	0.01	0.25	0.01	0.05	0.01	0.09
14	14	0.0078125	0.1015625	0.0390625	0.0078125	0.0390625	0.0078125	0.0390625	0.0078125	0.0078125	0.0078125	0.3515625	0.0078125	0.0078125	0.0078125	0.0078125	0.0078125	0.0078125	0.0078125	0.0078125	0.3203125
15	15	0.03571428571428571	0.03571428571428571	0.03571428571428571	0.03571428571428571	0.03571428571428571	0.17857142857142858	0.03571428571428571	0.03571428571428571	0.17857142857142858	0.03571428571428571	0.03571428571428571	0.03571428571428571	0.03571428571428571	0.03571428571428571	0.03571428571428571	0.03571428571428571	0.03571428571428571	0.03571428571428571	0.03571428571428571	0.03571428571428571
16	16	0.23461538461538461	0.0038461538461538464	0.12692307692307692	0.0038461538461538464	0.0038461538461538464	0.0038461538461538464	0.09615384615384616	0.06538461538461539	0.0038461538461538464	0.0038461538461538464	0.0038461538461538464	0.3730769230769231	0.019230769230769232	0.019230769230769232	0.0038461538461538464	0.0038461538461538464	0.019230769230769232	0.0038461538461538464	0.0038461538461538464	0.0038461538461538464
17	17	0.4537037037037037	0.009259259259259259	0.009259259259259259	0.19444444444444445	0.009259259259259259	0.046296296296296294	0.046296296296296294	0.08333333333333333	0.009259259259259259	0.009259259259259259	0.009259259259259259	0.009259259259259259	0.046296296296296294	0.009259259259259259	0.009259259259259259	0.009259259259259259	0.009259259259259259	0.009259259259259259	0.009259259259259259	0.009259259259259259
18	18	0.008064516129032258	0.04032258064516129	0.008064516129032258	0.008064516129032258	0.008064516129032258	0.008064516129032258	0.04032258064516129	0.008064516129032258	0.33064516129032256	0.008064516129032258	0.008064516129032258	0.07258064516129033	0.008064516129032258	0.008064516129032258	0.008064516129032258	0.04032258064516129	0.2661290322580645	0.008064516129032258	0.07258064516129033	0.04032258064516129
19	19	0.0078125	0.0703125	0.0078125	0.7890625	0.0078125	0.0078125	0.0078125	0.0078125	0.0078125	0.0078125	0.0078125	0.0078125	0.0078125	0.0078125	0.0078125	0.0078125	0.0078125	0.0078125	0.0078125	0.0078125
20	20	0.025	0.025	0.025	0.025	0.125	0.025	0.025	0.125	0.025	0.025	0.025	0.225	0.025	0.025	0.025	0.025	0.025	0.025	0.125	0.025
21	21	0.008064516129032258	0.008064516129032258	0.008064516129032258	0.5241935483870968	0.008064516129032258	0.008064516129032258	0.29838709677419356	0.008064516129032258	0.008064516129032258	0.008064516129032258	0.008064516129032258	0.008064516129032258	0.008064516129032258	0.008064516129032258	0.008064516129032258	0.04032258064516129	0.008064516129032258	0.008064516129032258	0.008064516129032258	0.008064516129032258
22	22	0.0078125	0.0078125	0.0390625	0.5078125	0.1328125	0.0078125	0.0078125	0.0078125	0.0078125	0.0078125	0.0390625	0.0078125	0.0390625	0.0078125	0.0078125	0.0078125	0.0078125	0.0078125	0.0078125	0.1328125
23	23	0.006944444444444444	0.034722222222222224	0.0625	0.034722222222222224	0.006944444444444444	0.006944444444444444	0.006944444444444444	0.034722222222222224	0.0625	0.0625	0.006944444444444444	0.006944444444444444	0.006944444444444444	0.006944444444444444	0.006944444444444444	0.1736111111111111	0.4513888888888889	0.006944444444444444	0.006944444444444444	0.006944444444444444
24	24	0.004166666666666667	0.004166666666666667	0.004166666666666667	0.004166666666666667	0.30416666666666664	0.1375	0.020833333333333332	0.15416666666666667	0.004166666666666667	0.004166666666666667	0.0875	0.0375	0.004166666666666667	0.07083333333333333	0.004166666666666667	0.020833333333333332	0.004166666666666667	0.004166666666666667	0.07083333333333333	0.05416666666666667
25	25	0.016666666666666666	0.016666666666666666	0.2833333333333333	0.016666666666666666	0.21666666666666667	0.08333333333333333	0.016666666666666666	0.016666666666666666	0.016666666666666666	0.016666666666666666	0.08333333333333333	0.016666666666666666	0.016666666666666666	0.016666666666666666	0.016666666666666666	0.016666666666666666	0.016666666666666666	0.016666666666666666	0.016666666666666666	0.08333333333333333
26	26	0.3602941176470588	0.007352941176470588	0.03676470588235294	0.007352941176470588	0.007352941176470588	0.007352941176470588	0.007352941176470588	0.007352941176470588	0.2426470588235294	0.007352941176470588	0.007352941176470588	0.03676470588235294	0.007352941176470588	0.007352941176470588	0.03676470588235294	0.007352941176470588	0.15441176470588236	0.03676470588235294	0.007352941176470588	0.007352941176470588
27	27	0.005952380952380952	0.005952380952380952	0.02976190476190476	0.005952380952380952	0.005952380952380952	0.005952380952380952	0.005952380952380952	0.26785714285714285	0.005952380952380952	0.005952380952380952	0.005952380952380952	0.005952380952380952	0.005952380952380952	0.005952380952380952	0.005952380952380952	0.125	0.05357142857142857	0.43452380952380953	0.005952380952380952	0.005952380952380952
28	28	0.017857142857142856	0.017857142857142856	0.08928571428571429	0.375	0.017857142857142856	0.017857142857142856	0.08928571428571429	0.017857142857142856	0.017857142857142856	0.017857142857142856	0.017857142857142856	0.017857142857142856	0.017857142857142856	0.08928571428571429	0.017857142857142856	0.017857142857142856	0.017857142857142856	0.017857142857142856	0.08928571428571429	0.017857142857142856
29	29	0.03205128205128205	0.16025641025641027	0.26282051282051283	0.10897435897435898	0.00641025641025641	0.03205128205128205	0.28846153846153844	0.00641025641025641	0.00641025641025641	0.00641025641025641	0.00641025641025641	0.00641025641025641	0.03205128205128205	0.00641025641025641	0.00641025641025641	0.00641025641025641	0.00641025641025641	0.00641025641025641	0.00641025641025641	0.00641025641025641
30	30	0.27941176470588236	0.024509803921568627	0.10294117647058823	0.004901960784313725	0.004901960784313725	0.024509803921568627	0.35784313725490197	0.024509803921568627	0.024509803921568627	0.004901960784313725	0.004901960784313725	0.004901960784313725	0.004901960784313725	0.004901960784313725	0.004901960784313725	0.08333333333333333	0.004901960784313725	0.004901960784313725	0.004901960784313725	0.024509803921568627
31	31	0.018656716417910446	0.0037313432835820895	0.048507462686567165	0.5111940298507462	0.07835820895522388	0.0037313432835820895	0.0037313432835820895	0.06343283582089553	0.06343283582089553	0.0037313432835820895	0.018656716417910446	0.0037313432835820895	0.033582089552238806	0.0037313432835820895	0.0037313432835820895	0.09328358208955224	0.0037313432835820895	0.033582089552238806	0.0037313432835820895	0.0037313432835820895
32	32	0.015625	0.015625	0.078125	0.015625	0.015625	0.015625	0.015625	0.015625	0.015625	0.265625	0.015625	0.015625	0.078125	0.015625	0.078125	0.265625	0.015625	0.015625	0.015625	0.015625
33	33	0.008620689655172414	0.008620689655172414	0.04310344827586207	0.008620689655172414	0.008620689655172414	0.14655172413793102	0.008620689655172414	0.04310344827586207	0.008620689655172414	0.008620689655172414	0.008620689655172414	0.008620689655172414	0.008620689655172414	0.04310344827586207	0.008620689655172414	0.31896551724137934	0.008620689655172414	0.008620689655172414	0.008620689655172414	0.28448275862068967
34	34	0.019230769230769232	0.019230769230769232	0.019230769230769232	0.019230769230769232	0.09615384615384616	0.019230769230769232	0.019230769230769232	0.019230769230769232	0.019230769230769232	0.019230769230769232	0.019230769230769232	0.019230769230769232	0.019230769230769232	0.019230769230769232	0.019230769230769232	0.019230769230769232	0.019230769230769232	0.5576923076923077	0.019230769230769232	0.019230769230769232
35	35	0.005555555555555556	0.005555555555555556	0.05	0.18333333333333332	0.005555555555555556	0.005555555555555556	0.09444444444444444	0.005555555555555556	0.005555555555555556	0.05	0.005555555555555556	0.005555555555555556	0.005555555555555556	0.005555555555555556	0.005555555555555556	0.22777777777777777	0.11666666666666667	0.027777777777777776	0.11666666666666667	0.07222222222222222
36	36	0.005555555555555556	0.005555555555555556	0.45	0.09444444444444444	0.005555555555555556	0.005555555555555556	0.005555555555555556	0.005555555555555556	0.2722222222222222	0.005555555555555556	0.05	0.005555555555555556	0.005555555555555556	0.005555555555555556	0.005555555555555556	0.005555555555555556	0.005555555555555556	0.005555555555555556	0.005555555555555556	0.05
37	37	0.013888888888888888	0.013888888888888888	0.125	0.013888888888888888	0.013888888888888888	0.013888888888888888	0.013888888888888888	0.013888888888888888	0.06944444444444445	0.5694444444444444	0.013888888888888888	0.013888888888888888	0.013888888888888888	0.013888888888888888	0.013888888888888888	0.013888888888888888	0.013888888888888888	0.013888888888888888	0.013888888888888888	0.013888888888888888
38	38	0.019230769230769232	0.019230769230769232	0.019230769230769232	0.3269230769230769	0.019230769230769232	0.019230769230769232	0.019230769230769232	0.019230769230769232	0.019230769230769232	0.019230769230769232	0.019230769230769232	0.019230769230769232	0.019230769230769232	0.019230769230769232	0.17307692307692307	0.019230769230769232	0.019230769230769232	0.019230769230769232	0.019230769230769232	0.17307692307692307
39	39	0.013888888888888888	0.013888888888888888	0.125	0.06944444444444445	0.06944444444444445	0.013888888888888888	0.06944444444444445	0.013888888888888888	0.013888888888888888	0.013888888888888888	0.06944444444444445	0.013888888888888888	0.013888888888888888	0.013888888888888888	0.013888888888888888	0.3472222222222222	0.013888888888888888	0.013888888888888888	0.06944444444444445	0.013888888888888888
40	40	0.07258064516129033	0.04032258064516129	0.23387096774193547	0.008064516129032258	0.008064516129032258	0.008064516129032258	0.008064516129032258	0.008064516129032258	0.008064516129032258	0.008064516129032258	0.3629032258064516	0.008064516129032258	0.008064516129032258	0.008064516129032258	0.008064516129032258	0.008064516129032258	0.008064516129032258	0.008064516129032258	0.1693548387096774	0.008064516129032258
41	41	0.046296296296296294	0.009259259259259259	0.009259259259259259	0.009259259259259259	0.23148148148148148	0.009259259259259259	0.009259259259259259	0.009259259259259259	0.009259259259259259	0.19444444444444445	0.08333333333333333	0.009259259259259259	0.046296296296296294	0.009259259259259259	0.009259259259259259	0.23148148148148148	0.009259259259259259	0.009259259259259259	0.046296296296296294	0.009259259259259259
42	42	0.010869565217391304	0.09782608695652174	0.010869565217391304	0.010869565217391304	0.010869565217391304	0.010869565217391304	0.18478260869565216	0.010869565217391304	0.14130434782608695	0.09782608695652174	0.010869565217391304	0.05434782608695652	0.09782608695652174	0.010869565217391304	0.05434782608695652	0.14130434782608695	0.010869565217391304	0.010869565217391304	0.010869565217391304	0.010869565217391304
43	43	0.026041666666666668	0.005208333333333333	0.005208333333333333	0.005208333333333333	0.005208333333333333	0.005208333333333333	0.5052083333333334	0.026041666666666668	0.026041666666666668	0.005208333333333333	0.026041666666666668	0.3177083333333333	0.005208333333333333	0.005208333333333333	0.005208333333333333	0.005208333333333333	0.005208333333333333	0.005208333333333333	0.005208333333333333	0.005208333333333333
44	44	0.13815789473684212	0.006578947368421052	0.13815789473684212	0.006578947368421052	0.006578947368421052	0.16447368421052633	0.006578947368421052	0.3223684210526316	0.006578947368421052	0.006578947368421052	0.006578947368421052	0.006578947368421052	0.08552631578947369	0.006578947368421052	0.006578947368421052	0.006578947368421052	0.03289473684210526	0.006578947368421052	0.03289473684210526	0.006578947368421052
45	45	0.019230769230769232	0.019230769230769232	0.019230769230769232	0.019230769230769232	0.019230769230769232	0.019230769230769232	0.019230769230769232	0.019230769230769232	0.019230769230769232	0.019230769230769232	0.019230769230769232	0.019230769230769232	0.019230769230769232	0.019230769230769232	0.019230769230769232	0.019230769230769232	0.019230769230769232	0.6346153846153846	0.019230769230769232	0.019230769230769232
46	46	0.04310344827586207	0.21551724137931033	0.008620689655172414	0.4224137931034483	0.008620689655172414	0.008620689655172414	0.008620689655172414	0.04310344827586207	0.008620689655172414	0.008620689655172414	0.008620689655172414	0.07758620689655173	0.008620689655172414	0.008620689655172414	0.008620689655172414	0.008620689655172414	0.008620689655172414	0.04310344827586207	0.04310344827586207	0.008620689655172414
47	47	0.06578947368421052	0.013157894736842105	0.013157894736842105	0.013157894736842105	0.11842105263157894	0.06578947368421052	0.013157894736842105	0.013157894736842105	0.013157894736842105	0.013157894736842105	0.013157894736842105	0.06578947368421052	0.013157894736842105	0.013157894736842105	0.013157894736842105	0.3815789473684211	0.013157894736842105	0.013157894736842105	0.013157894736842105	0.11842105263157894
48	48	0.008333333333333333	0.041666666666666664	0.008333333333333333	0.3416666666666667	0.008333333333333333	0.075	0.008333333333333333	0.075	0.008333333333333333	0.008333333333333333	0.008333333333333333	0.008333333333333333	0.008333333333333333	0.041666666666666664	0.008333333333333333	0.175	0.008333333333333333	0.041666666666666664	0.10833333333333334	0.008333333333333333
49	49	0.005952380952380952	0.005952380952380952	0.005952380952380952	0.3392857142857143	0.05357142857142857	0.005952380952380952	0.05357142857142857	0.3630952380952381	0.005952380952380952	0.005952380952380952	0.005952380952380952	0.02976190476190476	0.005952380952380952	0.005952380952380952	0.02976190476190476	0.005952380952380952	0.02976190476190476	0.02976190476190476	0.005952380952380952	0.005952380952380952
50	50	0.010869565217391304	0.010869565217391304	0.2717391304347826	0.010869565217391304	0.010869565217391304	0.010869565217391304	0.010869565217391304	0.010869565217391304	0.05434782608695652	0.010869565217391304	0.010869565217391304	0.010869565217391304	0.010869565217391304	0.05434782608695652	0.010869565217391304	0.22826086956521738	0.010869565217391304	0.05434782608695652	0.18478260869565216	0.010869565217391304
51	51	0.044642857142857144	0.008928571428571428	0.008928571428571428	0.044642857142857144	0.008928571428571428	0.008928571428571428	0.008928571428571428	0.08035714285714286	0.008928571428571428	0.08035714285714286	0.008928571428571428	0.008928571428571428	0.008928571428571428	0.008928571428571428	0.044642857142857144	0.08035714285714286	0.08035714285714286	0.044642857142857144	0.29464285714285715	0.11607142857142858
52	52	0.03048780487804878	0.006097560975609756	0.054878048780487805	0.22560975609756098	0.006097560975609756	0.054878048780487805	0.006097560975609756	0.054878048780487805	0.006097560975609756	0.006097560975609756	0.054878048780487805	0.006097560975609756	0.006097560975609756	0.054878048780487805	0.03048780487804878	0.3475609756097561	0.006097560975609756	0.03048780487804878	0.006097560975609756	0.006097560975609756
53	53	0.01	0.01	0.01	0.05	0.21	0.01	0.13	0.01	0.25	0.01	0.09	0.01	0.01	0.01	0.01	0.13	0.01	0.01	0.01	0.01
54	54	0.041666666666666664	0.008333333333333333	0.041666666666666664	0.008333333333333333	0.075	0.008333333333333333	0.008333333333333333	0.008333333333333333	0.008333333333333333	0.44166666666666665	0.008333333333333333	0.008333333333333333	0.008333333333333333	0.008333333333333333	0.041666666666666664	0.008333333333333333	0.075	0.008333333333333333	0.10833333333333334	0.075
55	55	0.025	0.025	0.325	0.025	0.025	0.025	0.025	0.025	0.025	0.025	0.025	0.025	0.025	0.025	0.025	0.125	0.025	0.125	0.025	0.025
56	56	0.019230769230769232	0.019230769230769232	0.019230769230769232	0.019230769230769232	0.019230769230769232	0.019230769230769232	0.019230769230769232	0.019230769230769232	0.019230769230769232	0.019230769230769232	0.019230769230769232	0.019230769230769232	0.019230769230769232	0.019230769230769232	0.019230769230769232	0.019230769230769232	0.019230769230769232	0.5576923076923077	0.09615384615384616	0.019230769230769232
57	57	0.034722222222222224	0.034722222222222224	0.006944444444444444	0.0625	0.006944444444444444	0.006944444444444444	0.006944444444444444	0.006944444444444444	0.006944444444444444	0.0625	0.006944444444444444	0.14583333333333334	0.006944444444444444	0.006944444444444444	0.006944444444444444	0.006944444444444444	0.3125	0.034722222222222224	0.1736111111111111	0.0625
58	58	0.15441176470588236	0.09558823529411764	0.03676470588235294	0.3014705882352941	0.007352941176470588	0.007352941176470588	0.03676470588235294	0.007352941176470588	0.007352941176470588	0.007352941176470588	0.007352941176470588	0.03676470588235294	0.03676470588235294	0.007352941176470588	0.03676470588235294	0.125	0.007352941176470588	0.03676470588235294	0.007352941176470588	0.03676470588235294
59	59	0.17857142857142858	0.17857142857142858	0.03571428571428571	0.03571428571428571	0.03571428571428571	0.03571428571428571	0.03571428571428571	0.03571428571428571	0.03571428571428571	0.03571428571428571	0.03571428571428571	0.03571428571428571	0.03571428571428571	0.03571428571428571	0.03571428571428571	0.03571428571428571	0.03571428571428571	0.03571428571428571	0.03571428571428571	0.03571428571428571
60	60	0.015625	0.015625	0.015625	0.703125	0.015625	0.015625	0.015625	0.015625	0.015625	0.015625	0.015625	0.015625	0.015625	0.015625	0.015625	0.015625	0.015625	0.015625	0.015625	0.015625
61	61	0.008333333333333333	0.008333333333333333	0.008333333333333333	0.008333333333333333	0.008333333333333333	0.041666666666666664	0.375	0.008333333333333333	0.008333333333333333	0.008333333333333333	0.008333333333333333	0.24166666666666667	0.008333333333333333	0.008333333333333333	0.008333333333333333	0.20833333333333334	0.008333333333333333	0.008333333333333333	0.008333333333333333	0.008333333333333333
62	62	0.007352941176470588	0.21323529411764705	0.007352941176470588	0.007352941176470588	0.09558823529411764	0.007352941176470588	0.0661764705882353	0.007352941176470588	0.007352941176470588	0.007352941176470588	0.007352941176470588	0.007352941176470588	0.007352941176470588	0.2426470588235294	0.15441176470588236	0.007352941176470588	0.007352941176470588	0.007352941176470588	0.03676470588235294	0.09558823529411764
63	63	0.017857142857142856	0.017857142857142856	0.017857142857142856	0.017857142857142856	0.23214285714285715	0.017857142857142856	0.017857142857142856	0.017857142857142856	0.017857142857142856	0.017857142857142856	0.017857142857142856	0.017857142857142856	0.08928571428571429	0.017857142857142856	0.017857142857142856	0.017857142857142856	0.017857142857142856	0.375	0.017857142857142856	0.017857142857142856
64	64	0.014705882352941176	0.014705882352941176	0.19117647058823528	0.014705882352941176	0.25	0.1323529411764706	0.014705882352941176	0.014705882352941176	0.014705882352941176	0.014705882352941176	0.014705882352941176	0.014705882352941176	0.014705882352941176	0.014705882352941176	0.014705882352941176	0.1323529411764706	0.014705882352941176	0.07352941176470588	0.014705882352941176	0.014705882352941176
65	65	0.011904761904761904	0.10714285714285714	0.011904761904761904	0.011904761904761904	0.011904761904761904	0.011904761904761904	0.011904761904761904	0.011904761904761904	0.011904761904761904	0.05952380952380952	0.011904761904761904	0.20238095238095238	0.05952380952380952	0.011904761904761904	0.05952380952380952	0.15476190476190477	0.15476190476190477	0.05952380952380952	0.011904761904761904	0.011904761904761904
66	66	0.11363636363636363	0.022727272727272728	0.022727272727272728	0.11363636363636363	0.022727272727272728	0.022727272727272728	0.022727272727272728	0.022727272727272728	0.022727272727272728	0.022727272727272728	0.022727272727272728	0.022727272727272728	0.022727272727272728	0.022727272727272728	0.022727272727272728	0.022727272727272728	0.022727272727272728	0.20454545454545456	0.20454545454545456	0.022727272727272728
67	67	0.1625	0.0125	0.0125	0.0125	0.0125	0.0125	0.5125	0.0125	0.0125	0.0125	0.0125	0.0125	0.0125	0.0125	0.0125	0.0125	0.0125	0.0125	0.0125	0.1125
68	68	0.019230769230769232	0.019230769230769232	0.019230769230769232	0.09615384615384616	0.019230769230769232	0.019230769230769232	0.09615384615384616	0.019230769230769232	0.019230769230769232	0.09615384615384616	0.019230769230769232	0.019230769230769232	0.09615384615384616	0.019230769230769232	0.019230769230769232	0.019230769230769232	0.019230769230769232	0.019230769230769232	0.3269230769230769	0.019230769230769232
69	69	0.008064516129032258	0.008064516129032258	0.07258064516129033	0.008064516129032258	0.008064516129032258	0.04032258064516129	0.008064516129032258	0.008064516129032258	0.07258064516129033	0.1693548387096774	0.008064516129032258	0.008064516129032258	0.008064516129032258	0.008064516129032258	0.04032258064516129	0.4274193548387097	0.008064516129032258	0.04032258064516129	0.04032258064516129	0.008064516129032258
70	70	0.05357142857142857	0.005952380952380952	0.02976190476190476	0.005952380952380952	0.24404761904761904	0.005952380952380952	0.24404761904761904	0.005952380952380952	0.005952380952380952	0.005952380952380952	0.005952380952380952	0.005952380952380952	0.02976190476190476	0.05357142857142857	0.22023809523809523	0.05357142857142857	0.005952380952380952	0.005952380952380952	0.005952380952380952	0.005952380952380952
71	71	0.006944444444444444	0.006944444444444444	0.11805555555555555	0.3958333333333333	0.006944444444444444	0.006944444444444444	0.1736111111111111	0.0625	0.006944444444444444	0.006944444444444444	0.006944444444444444	0.034722222222222224	0.006944444444444444	0.006944444444444444	0.006944444444444444	0.09027777777777778	0.006944444444444444	0.006944444444444444	0.034722222222222224	0.006944444444444444
72	72	0.00641025641025641	0.00641025641025641	0.21153846153846154	0.00641025641025641	0.03205128205128205	0.00641025641025641	0.00641025641025641	0.00641025641025641	0.00641025641025641	0.4166666666666667	0.00641025641025641	0.00641025641025641	0.00641025641025641	0.00641025641025641	0.03205128205128205	0.08333333333333333	0.1346153846153846	0.00641025641025641	0.00641025641025641	0.00641025641025641
73	73	0.005952380952380952	0.005952380952380952	0.005952380952380952	0.05357142857142857	0.005952380952380952	0.005952380952380952	0.05357142857142857	0.005952380952380952	0.005952380952380952	0.005952380952380952	0.005952380952380952	0.24404761904761904	0.005952380952380952	0.005952380952380952	0.02976190476190476	0.02976190476190476	0.005952380952380952	0.005952380952380952	0.3869047619047619	0.125
74	74	0.00641025641025641	0.00641025641025641	0.03205128205128205	0.00641025641025641	0.03205128205128205	0.00641025641025641	0.5448717948717948	0.00641025641025641	0.00641025641025641	0.00641025641025641	0.00641025641025641	0.00641025641025641	0.00641025641025641	0.00641025641025641	0.00641025641025641	0.28846153846153844	0.00641025641025641	0.00641025641025641	0.00641025641025641	0.00641025641025641
75	75	0.075	0.008333333333333333	0.008333333333333333	0.008333333333333333	0.041666666666666664	0.008333333333333333	0.14166666666666666	0.008333333333333333	0.008333333333333333	0.008333333333333333	0.008333333333333333	0.041666666666666664	0.008333333333333333	0.075	0.20833333333333334	0.041666666666666664	0.008333333333333333	0.175	0.008333333333333333	0.10833333333333334
76	76	0.004901960784313725	0.004901960784313725	0.20098039215686275	0.18137254901960784	0.024509803921568627	0.004901960784313725	0.024509803921568627	0.004901960784313725	0.004901960784313725	0.004901960784313725	0.04411764705882353	0.024509803921568627	0.004901960784313725	0.004901960784313725	0.004901960784313725	0.4362745098039216	0.004901960784313725	0.004901960784313725	0.004901960784313725	0.004901960784313725
77	77	0.00641025641025641	0.00641025641025641	0.057692307692307696	0.00641025641025641	0.00641025641025641	0.03205128205128205	0.057692307692307696	0.00641025641025641	0.00641025641025641	0.10897435897435898	0.00641025641025641	0.00641025641025641	0.00641025641025641	0.1858974358974359	0.00641025641025641	0.28846153846153844	0.1858974358974359	0.00641025641025641	0.00641025641025641	0.00641025641025641
78	78	0.009615384615384616	0.009615384615384616	0.125	0.20192307692307693	0.009615384615384616	0.009615384615384616	0.16346153846153846	0.009615384615384616	0.009615384615384616	0.009615384615384616	0.009615384615384616	0.08653846153846154	0.009615384615384616	0.009615384615384616	0.009615384615384616	0.04807692307692308	0.04807692307692308	0.16346153846153846	0.04807692307692308	0.009615384615384616
79	79	0.019230769230769232	0.019230769230769232	0.019230769230769232	0.019230769230769232	0.019230769230769232	0.019230769230769232	0.019230769230769232	0.019230769230769232	0.019230769230769232	0.019230769230769232	0.019230769230769232	0.019230769230769232	0.019230769230769232	0.019230769230769232	0.019230769230769232	0.019230769230769232	0.019230769230769232	0.6346153846153846	0.019230769230769232	0.019230769230769232
80	80	0.022727272727272728	0.022727272727272728	0.022727272727272728	0.4772727272727273	0.022727272727272728	0.022727272727272728	0.022727272727272728	0.022727272727272728	0.022727272727272728	0.022727272727272728	0.022727272727272728	0.022727272727272728	0.022727272727272728	0.022727272727272728	0.022727272727272728	0.11363636363636363	0.022727272727272728	0.022727272727272728	0.022727272727272728	0.022727272727272728
81	81	0.008620689655172414	0.04310344827586207	0.008620689655172414	0.008620689655172414	0.008620689655172414	0.008620689655172414	0.21551724137931033	0.008620689655172414	0.14655172413793102	0.008620689655172414	0.008620689655172414	0.008620689655172414	0.04310344827586207	0.008620689655172414	0.14655172413793102	0.008620689655172414	0.008620689655172414	0.008620689655172414	0.008620689655172414	0.28448275862068967
82	82	0.019230769230769232	0.019230769230769232	0.019230769230769232	0.019230769230769232	0.019230769230769232	0.019230769230769232	0.019230769230769232	0.019230769230769232	0.019230769230769232	0.019230769230769232	0.019230769230769232	0.019230769230769232	0.019230769230769232	0.019230769230769232	0.019230769230769232	0.019230769230769232	0.019230769230769232	0.6346153846153846	0.019230769230769232	0.019230769230769232
83	83	0.03787878787878788	0.007575757575757576	0.49242424242424243	0.06818181818181818	0.007575757575757576	0.007575757575757576	0.06818181818181818	0.03787878787878788	0.007575757575757576	0.03787878787878788	0.007575757575757576	0.007575757575757576	0.007575757575757576	0.007575757575757576	0.007575757575757576	0.1590909090909091	0.007575757575757576	0.007575757575757576	0.007575757575757576	0.007575757575757576
84	84	0.003676470588235294	0.003676470588235294	0.04779411764705882	0.07720588235294118	0.04779411764705882	0.26838235294117646	0.003676470588235294	0.003676470588235294	0.0625	0.003676470588235294	0.003676470588235294	0.13602941176470587	0.003676470588235294	0.01838235294117647	0.003676470588235294	0.20955882352941177	0.003676470588235294	0.003676470588235294	0.07720588235294118	0.01838235294117647
85	85	0.01	0.01	0.01	0.01	0.01	0.01	0.41	0.05	0.17	0.01	0.01	0.05	0.09	0.09	0.01	0.01	0.01	0.01	0.01	0.01
86	86	0.019230769230769232	0.019230769230769232	0.019230769230769232	0.019230769230769232	0.019230769230769232	0.019230769230769232	0.17307692307692307	0.019230769230769232	0.019230769230769232	0.019230769230769232	0.019230769230769232	0.019230769230769232	0.019230769230769232	0.019230769230769232	0.019230769230769232	0.17307692307692307	0.3269230769230769	0.019230769230769232	0.019230769230769232	0.019230769230769232
87	87	0.17105263157894737	0.013157894736842105	0.013157894736842105	0.11842105263157894	0.013157894736842105	0.013157894736842105	0.013157894736842105	0.013157894736842105	0.06578947368421052	0.013157894736842105	0.013157894736842105	0.013157894736842105	0.013157894736842105	0.013157894736842105	0.013157894736842105	0.2236842105263158	0.013157894736842105	0.11842105263157894	0.06578947368421052	0.06578947368421052
88	88	0.015625	0.015625	0.015625	0.015625	0.015625	0.203125	0.015625	0.015625	0.015625	0.015625	0.203125	0.078125	0.140625	0.015625	0.015625	0.078125	0.015625	0.078125	0.015625	0.015625
89	89	0.005681818181818182	0.07386363636363637	0.14204545454545456	0.2556818181818182	0.005681818181818182	0.005681818181818182	0.028409090909090908	0.005681818181818182	0.028409090909090908	0.005681818181818182	0.028409090909090908	0.005681818181818182	0.005681818181818182	0.005681818181818182	0.005681818181818182	0.11931818181818182	0.005681818181818182	0.005681818181818182	0.005681818181818182	0.2556818181818182
90	90	0.17083333333333334	0.004166666666666667	0.05416666666666667	0.15416666666666667	0.004166666666666667	0.020833333333333332	0.004166666666666667	0.004166666666666667	0.0375	0.004166666666666667	0.0375	0.004166666666666667	0.004166666666666667	0.2375	0.004166666666666667	0.004166666666666667	0.05416666666666667	0.10416666666666667	0.0875	0.004166666666666667
91	91	0.005813953488372093	0.0755813953488372	0.05232558139534884	0.005813953488372093	0.029069767441860465	0.005813953488372093	0.029069767441860465	0.005813953488372093	0.005813953488372093	0.005813953488372093	0.005813953488372093	0.005813953488372093	0.029069767441860465	0.0755813953488372	0.005813953488372093	0.0755813953488372	0.005813953488372093	0.005813953488372093	0.563953488372093	0.005813953488372093
92	92	0.008333333333333333	0.008333333333333333	0.275	0.008333333333333333	0.008333333333333333	0.008333333333333333	0.008333333333333333	0.475	0.008333333333333333	0.008333333333333333	0.008333333333333333	0.008333333333333333	0.008333333333333333	0.008333333333333333	0.008333333333333333	0.075	0.008333333333333333	0.008333333333333333	0.008333333333333333	0.041666666666666664
93	93	0.1625	0.0125	0.0125	0.0125	0.0125	0.0125	0.0125	0.0125	0.2625	0.1125	0.0125	0.0125	0.1625	0.0125	0.0625	0.0125	0.0125	0.0125	0.0125	0.0625
94	94	0.005434782608695652	0.22282608695652173	0.30978260869565216	0.04891304347826087	0.02717391304347826	0.005434782608695652	0.005434782608695652	0.005434782608695652	0.005434782608695652	0.02717391304347826	0.02717391304347826	0.005434782608695652	0.005434782608695652	0.02717391304347826	0.02717391304347826	0.005434782608695652	0.02717391304347826	0.02717391304347826	0.005434782608695652	0.1793478260869565
95	95	0.009259259259259259	0.009259259259259259	0.009259259259259259	0.19444444444444445	0.009259259259259259	0.009259259259259259	0.08333333333333333	0.009259259259259259	0.046296296296296294	0.009259259259259259	0.009259259259259259	0.009259259259259259	0.08333333333333333	0.046296296296296294	0.009259259259259259	0.4166666666666667	0.009259259259259259	0.009259259259259259	0.009259259259259259	0.009259259259259259
96	96	0.016666666666666666	0.016666666666666666	0.016666666666666666	0.15	0.016666666666666666	0.016666666666666666	0.21666666666666667	0.016666666666666666	0.016666666666666666	0.21666666666666667	0.15	0.016666666666666666	0.016666666666666666	0.016666666666666666	0.016666666666666666	0.016666666666666666	0.016666666666666666	0.016666666666666666	0.016666666666666666	0.016666666666666666
97	97	0.025	0.125	0.025	0.025	0.025	0.125	0.025	0.025	0.025	0.025	0.025	0.325	0.025	0.025	0.025	0.025	0.025	0.025	0.025	0.025
98	98	0.041666666666666664	0.008333333333333333	0.041666666666666664	0.175	0.008333333333333333	0.008333333333333333	0.008333333333333333	0.008333333333333333	0.075	0.008333333333333333	0.008333333333333333	0.008333333333333333	0.008333333333333333	0.041666666666666664	0.008333333333333333	0.44166666666666665	0.075	0.008333333333333333	0.008333333333333333	0.008333333333333333
99	99	0.013888888888888888	0.013888888888888888	0.013888888888888888	0.013888888888888888	0.013888888888888888	0.013888888888888888	0.013888888888888888	0.2916666666666667	0.013888888888888888	0.125	0.013888888888888888	0.013888888888888888	0.013888888888888888	0.013888888888888888	0.013888888888888888	0.2916666666666667	0.06944444444444445	0.013888888888888888	0.013888888888888888	0.013888888888888888
100	100	0.06944444444444445	0.013888888888888888	0.013888888888888888	0.013888888888888888	0.013888888888888888	0.013888888888888888	0.06944444444444445	0.013888888888888888	0.013888888888888888	0.06944444444444445	0.013888888888888888	0.013888888888888888	0.013888888888888888	0.013888888888888888	0.013888888888888888	0.06944444444444445	0.4027777777777778	0.013888888888888888	0.125	0.013888888888888888
101	101	0.05	0.01	0.09	0.09	0.01	0.01	0.01	0.41	0.01	0.01	0.01	0.01	0.01	0.01	0.05	0.17	0.01	0.01	0.01	0.01
102	102	0.0125	0.0125	0.0125	0.1125	0.0625	0.0125	0.0125	0.1125	0.0125	0.0625	0.0125	0.0125	0.0125	0.0125	0.0125	0.4125	0.0125	0.0125	0.0125	0.0625
103	103	0.013888888888888888	0.06944444444444445	0.013888888888888888	0.06944444444444445	0.013888888888888888	0.013888888888888888	0.013888888888888888	0.013888888888888888	0.013888888888888888	0.013888888888888888	0.013888888888888888	0.013888888888888888	0.013888888888888888	0.013888888888888888	0.013888888888888888	0.5138888888888888	0.06944444444444445	0.013888888888888888	0.013888888888888888	0.06944444444444445
104	104	0.020833333333333332	0.020833333333333332	0.020833333333333332	0.020833333333333332	0.020833333333333332	0.020833333333333332	0.020833333333333332	0.020833333333333332	0.020833333333333332	0.020833333333333332	0.020833333333333332	0.020833333333333332	0.020833333333333332	0.020833333333333332	0.020833333333333332	0.6041666666666666	0.020833333333333332	0.020833333333333332	0.020833333333333332	0.020833333333333332
105	105	0.007575757575757576	0.007575757575757576	0.007575757575757576	0.007575757575757576	0.06818181818181818	0.007575757575757576	0.007575757575757576	0.007575757575757576	0.007575757575757576	0.1590909090909091	0.03787878787878788	0.007575757575757576	0.03787878787878788	0.007575757575757576	0.007575757575757576	0.09848484848484848	0.007575757575757576	0.09848484848484848	0.4015151515151515	0.007575757575757576
106	106	0.04807692307692308	0.009615384615384616	0.009615384615384616	0.04807692307692308	0.009615384615384616	0.009615384615384616	0.009615384615384616	0.009615384615384616	0.009615384615384616	0.009615384615384616	0.009615384615384616	0.009615384615384616	0.009615384615384616	0.009615384615384616	0.009615384615384616	0.009615384615384616	0.009615384615384616	0.7403846153846154	0.009615384615384616	0.009615384615384616
107	107	0.00641025641025641	0.00641025641025641	0.23717948717948717	0.03205128205128205	0.00641025641025641	0.00641025641025641	0.36538461538461536	0.00641025641025641	0.00641025641025641	0.03205128205128205	0.057692307692307696	0.16025641025641027	0.00641025641025641	0.00641025641025641	0.00641025641025641	0.00641025641025641	0.00641025641025641	0.00641025641025641	0.03205128205128205	0.00641025641025641
