0	0	0.006172839506172839	0.154320987654321	0.154320987654321	0.11728395061728394	0.006172839506172839	0.006172839506172839	0.006172839506172839	0.006172839506172839	0.006172839506172839	0.006172839506172839	0.04320987654320988	0.04320987654320988	0.006172839506172839	0.006172839506172839	0.006172839506172839	0.006172839506172839	0.006172839506172839	0.006172839506172839	0.006172839506172839	0.11728395061728394	0.006172839506172839	0.006172839506172839	0.006172839506172839	0.006172839506172839	0.006172839506172839	0.11728395061728394	0.04320987654320988	0.006172839506172839	0.08024691358024691	0.006172839506172839
1	1	0.00505050505050505	0.00505050505050505	0.00505050505050505	0.12626262626262627	0.00505050505050505	0.12626262626262627	0.00505050505050505	0.00505050505050505	0.15656565656565657	0.00505050505050505	0.00505050505050505	0.00505050505050505	0.00505050505050505	0.00505050505050505	0.30808080808080807	0.00505050505050505	0.03535353535353536	0.00505050505050505	0.00505050505050505	0.03535353535353536	0.03535353535353536	0.00505050505050505	0.00505050505050505	0.00505050505050505	0.00505050505050505	0.00505050505050505	0.00505050505050505	0.00505050505050505	0.06565656565656565	0.00505050505050505
2	2	0.004273504273504273	0.004273504273504273	0.004273504273504273	0.15811965811965814	0.004273504273504273	0.004273504273504273	0.029914529914529916	0.004273504273504273	0.004273504273504273	0.05555555555555555	0.004273504273504273	0.23504273504273504	0.36324786324786323	0.004273504273504273	0.004273504273504273	0.029914529914529916	0.004273504273504273	0.004273504273504273	0.004273504273504273	0.004273504273504273	0.004273504273504273	0.004273504273504273	0.004273504273504273	0.004273504273504273	0.029914529914529916	0.004273504273504273	0.004273504273504273	0.004273504273504273	0.004273504273504273	0.004273504273504273
3	3	0.0037878787878787876	0.0037878787878787876	0.0037878787878787876	0.23106060606060605	0.0037878787878787876	0.0037878787878787876	0.0037878787878787876	0.026515151515151516	0.0037878787878787876	0.0037878787878787876	0.07196969696969696	0.0037878787878787876	0.0037878787878787876	0.20833333333333331	0.0037878787878787876	0.09469696969696971	0.0037878787878787876	0.04924242424242424	0.0037878787878787876	0.0037878787878787876	0.0037878787878787876	0.0037878787878787876	0.07196969696969696	0.0037878787878787876	0.04924242424242424	0.09469696969696971	0.0037878787878787876	0.0037878787878787876	0.0037878787878787876	0.026515151515151516
4	4	0.0043859649122807015	0.0043859649122807015	0.0043859649122807015	0.0043859649122807015	0.10964912280701755	0.0043859649122807015	0.0043859649122807015	0.0043859649122807015	0.0043859649122807015	0.0043859649122807015	0.3991228070175438	0.0043859649122807015	0.0043859649122807015	0.0043859649122807015	0.0043859649122807015	0.0043859649122807015	0.0043859649122807015	0.05701754385964912	0.0043859649122807015	0.0043859649122807015	0.0043859649122807015	0.030701754385964914	0.18859649122807018	0.0043859649122807015	0.0043859649122807015	0.0043859649122807015	0.0043859649122807015	0.030701754385964914	0.08333333333333333	0.0043859649122807015
5	5	0.05555555555555556	0.007936507936507936	0.007936507936507936	0.10317460317460317	0.10317460317460317	0.19841269841269843	0.007936507936507936	0.007936507936507936	0.007936507936507936	0.007936507936507936	0.007936507936507936	0.007936507936507936	0.007936507936507936	0.007936507936507936	0.007936507936507936	0.007936507936507936	0.007936507936507936	0.05555555555555556	0.007936507936507936	0.007936507936507936	0.007936507936507936	0.007936507936507936	0.24603174603174605	0.007936507936507936	0.007936507936507936	0.007936507936507936	0.007936507936507936	0.007936507936507936	0.05555555555555556	0.007936507936507936
6	6	0.004901960784313725	0.004901960784313725	0.004901960784313725	0.09313725490196079	0.004901960784313725	0.004901960784313725	0.004901960784313725	0.12254901960784315	0.004901960784313725	0.004901960784313725	0.03431372549019608	0.004901960784313725	0.004901960784313725	0.03431372549019608	0.004901960784313725	0.03431372549019608	0.004901960784313725	0.06372549019607843	0.1519607843137255	0.004901960784313725	0.004901960784313725	0.004901960784313725	0.004901960784313725	0.004901960784313725	0.12254901960784315	0.004901960784313725	0.004901960784313725	0.09313725490196079	0.1519607843137255	0.004901960784313725
7	7	0.004273504273504273	0.004273504273504273	0.029914529914529916	0.004273504273504273	0.029914529914529916	0.3376068376068376	0.004273504273504273	0.029914529914529916	0.0811965811965812	0.004273504273504273	0.004273504273504273	0.004273504273504273	0.004273504273504273	0.004273504273504273	0.15811965811965814	0.004273504273504273	0.004273504273504273	0.004273504273504273	0.05555555555555555	0.004273504273504273	0.18376068376068377	0.004273504273504273	0.004273504273504273	0.004273504273504273	0.004273504273504273	0.004273504273504273	0.004273504273504273	0.004273504273504273	0.004273504273504273	0.004273504273504273
8	8	0.010416666666666666	0.010416666666666666	0.010416666666666666	0.13541666666666666	0.07291666666666667	0.010416666666666666	0.010416666666666666	0.07291666666666667	0.010416666666666666	0.010416666666666666	0.010416666666666666	0.010416666666666666	0.010416666666666666	0.010416666666666666	0.010416666666666666	0.010416666666666666	0.19791666666666666	0.010416666666666666	0.13541666666666666	0.13541666666666666	0.010416666666666666	0.010416666666666666	0.010416666666666666	0.010416666666666666	0.010416666666666666	0.010416666666666666	0.010416666666666666	0.010416666666666666	0.010416666666666666	0.010416666666666666
9	9	0.036458333333333336	0.036458333333333336	0.005208333333333333	0.005208333333333333	0.005208333333333333	0.005208333333333333	0.005208333333333333	0.19270833333333334	0.005208333333333333	0.005208333333333333	0.005208333333333333	0.005208333333333333	0.005208333333333333	0.005208333333333333	0.005208333333333333	0.005208333333333333	0.09895833333333333	0.005208333333333333	0.036458333333333336	0.005208333333333333	0.005208333333333333	0.09895833333333333	0.005208333333333333	0.005208333333333333	0.19270833333333334	0.09895833333333333	0.005208333333333333	0.09895833333333333	0.005208333333333333	0.005208333333333333
10	10	0.005555555555555555	0.005555555555555555	0.005555555555555555	0.005555555555555555	0.005555555555555555	0.005555555555555555	0.005555555555555555	0.005555555555555555	0.005555555555555555	0.005555555555555555	0.005555555555555555	0.005555555555555555	0.17222222222222222	0.17222222222222222	0.07222222222222222	0.005555555555555555	0.005555555555555555	0.005555555555555555	0.005555555555555555	0.005555555555555555	0.005555555555555555	0.03888888888888889	0.17222222222222222	0.005555555555555555	0.005555555555555555	0.005555555555555555	0.2388888888888889	0.005555555555555555	0.005555555555555555	0.005555555555555555
11	11	0.005376344086021505	0.005376344086021505	0.005376344086021505	0.16666666666666669	0.06989247311827956	0.005376344086021505	0.005376344086021505	0.005376344086021505	0.03763440860215054	0.13440860215053765	0.005376344086021505	0.23118279569892475	0.005376344086021505	0.005376344086021505	0.005376344086021505	0.005376344086021505	0.03763440860215054	0.005376344086021505	0.005376344086021505	0.005376344086021505	0.005376344086021505	0.005376344086021505	0.005376344086021505	0.005376344086021505	0.005376344086021505	0.06989247311827956	0.03763440860215054	0.005376344086021505	0.005376344086021505	0.1021505376344086
12	12	0.030701754385964914	0.05701754385964912	0.030701754385964914	0.0043859649122807015	0.0043859649122807015	0.05701754385964912	0.0043859649122807015	0.0043859649122807015	0.0043859649122807015	0.10964912280701755	0.0043859649122807015	0.0043859649122807015	0.030701754385964914	0.05701754385964912	0.05701754385964912	0.0043859649122807015	0.0043859649122807015	0.0043859649122807015	0.0043859649122807015	0.030701754385964914	0.08333333333333333	0.05701754385964912	0.0043859649122807015	0.0043859649122807015	0.0043859649122807015	0.08333333333333333	0.0043859649122807015	0.16228070175438597	0.08333333333333333	0.0043859649122807015
13	13	0.006666666666666666	0.006666666666666666	0.006666666666666666	0.006666666666666666	0.04666666666666667	0.006666666666666666	0.006666666666666666	0.006666666666666666	0.006666666666666666	0.04666666666666667	0.006666666666666666	0.006666666666666666	0.36666666666666664	0.04666666666666667	0.006666666666666666	0.006666666666666666	0.12666666666666665	0.006666666666666666	0.006666666666666666	0.08666666666666666	0.006666666666666666	0.006666666666666666	0.006666666666666666	0.006666666666666666	0.006666666666666666	0.006666666666666666	0.04666666666666667	0.006666666666666666	0.006666666666666666	0.08666666666666666
14	14	0.005208333333333333	0.005208333333333333	0.036458333333333336	0.005208333333333333	0.005208333333333333	0.036458333333333336	0.005208333333333333	0.036458333333333336	0.005208333333333333	0.005208333333333333	0.005208333333333333	0.036458333333333336	0.005208333333333333	0.036458333333333336	0.06770833333333333	0.005208333333333333	0.005208333333333333	0.2552083333333333	0.005208333333333333	0.005208333333333333	0.06770833333333333	0.16145833333333334	0.005208333333333333	0.005208333333333333	0.005208333333333333	0.005208333333333333	0.16145833333333334	0.005208333333333333	0.005208333333333333	0.005208333333333333
15	15	0.023809523809523808	0.023809523809523808	0.023809523809523808	0.023809523809523808	0.023809523809523808	0.023809523809523808	0.023809523809523808	0.023809523809523808	0.023809523809523808	0.023809523809523808	0.023809523809523808	0.023809523809523808	0.023809523809523808	0.023809523809523808	0.16666666666666669	0.023809523809523808	0.023809523809523808	0.023809523809523808	0.023809523809523808	0.023809523809523808	0.023809523809523808	0.023809523809523808	0.023809523809523808	0.16666666666666669	0.023809523809523808	0.023809523809523808	0.023809523809523808	0.023809523809523808	0.023809523809523808	0.023809523809523808
16	16	0.002564102564102564	0.002564102564102564	0.002564102564102564	0.002564102564102564	0.002564102564102564	0.002564102564102564	0.01794871794871795	0.002564102564102564	0.2948717948717949	0.002564102564102564	0.03333333333333333	0.002564102564102564	0.32564102564102565	0.002564102564102564	0.002564102564102564	0.002564102564102564	0.03333333333333333	0.002564102564102564	0.1564102564102564	0.03333333333333333	0.002564102564102564	0.002564102564102564	0.002564102564102564	0.002564102564102564	0.002564102564102564	0.002564102564102564	0.002564102564102564	0.002564102564102564	0.002564102564102564	0.04871794871794872
17	17	0.006172839506172839	0.006172839506172839	0.006172839506172839	0.006172839506172839	0.006172839506172839	0.006172839506172839	0.006172839506172839	0.006172839506172839	0.04320987654320988	0.006172839506172839	0.3024691358024691	0.006172839506172839	0.006172839506172839	0.006172839506172839	0.006172839506172839	0.006172839506172839	0.006172839506172839	0.006172839506172839	0.006172839506172839	0.006172839506172839	0.006172839506172839	0.006172839506172839	0.006172839506172839	0.006172839506172839	0.006172839506172839	0.006172839506172839	0.04320987654320988	0.006172839506172839	0.11728395061728394	0.3395061728395061
18	18	0.005376344086021505	0.005376344086021505	0.1021505376344086	0.005376344086021505	0.005376344086021505	0.005376344086021505	0.005376344086021505	0.19892473118279572	0.005376344086021505	0.005376344086021505	0.005376344086021505	0.005376344086021505	0.03763440860215054	0.005376344086021505	0.005376344086021505	0.005376344086021505	0.26344086021505375	0.03763440860215054	0.005376344086021505	0.13440860215053765	0.03763440860215054	0.03763440860215054	0.005376344086021505	0.005376344086021505	0.03763440860215054	0.005376344086021505	0.005376344086021505	0.005376344086021505	0.005376344086021505	0.005376344086021505
19	19	0.19270833333333334	0.005208333333333333	0.005208333333333333	0.005208333333333333	0.005208333333333333	0.005208333333333333	0.005208333333333333	0.036458333333333336	0.005208333333333333	0.005208333333333333	0.005208333333333333	0.005208333333333333	0.005208333333333333	0.005208333333333333	0.005208333333333333	0.005208333333333333	0.06770833333333333	0.005208333333333333	0.005208333333333333	0.005208333333333333	0.005208333333333333	0.005208333333333333	0.005208333333333333	0.005208333333333333	0.2552083333333333	0.005208333333333333	0.005208333333333333	0.06770833333333333	0.2552083333333333	0.005208333333333333
20	20	0.016666666666666666	0.016666666666666666	0.016666666666666666	0.016666666666666666	0.016666666666666666	0.11666666666666667	0.016666666666666666	0.016666666666666666	0.016666666666666666	0.21666666666666665	0.016666666666666666	0.016666666666666666	0.016666666666666666	0.016666666666666666	0.016666666666666666	0.11666666666666667	0.016666666666666666	0.11666666666666667	0.016666666666666666	0.016666666666666666	0.016666666666666666	0.016666666666666666	0.016666666666666666	0.016666666666666666	0.016666666666666666	0.016666666666666666	0.016666666666666666	0.016666666666666666	0.016666666666666666	0.016666666666666666
21	21	0.005376344086021505	0.1021505376344086	0.005376344086021505	0.005376344086021505	0.16666666666666669	0.005376344086021505	0.005376344086021505	0.005376344086021505	0.06989247311827956	0.005376344086021505	0.16666666666666669	0.13440860215053765	0.005376344086021505	0.06989247311827956	0.005376344086021505	0.005376344086021505	0.005376344086021505	0.005376344086021505	0.13440860215053765	0.005376344086021505	0.005376344086021505	0.03763440860215054	0.005376344086021505	0.005376344086021505	0.005376344086021505	0.005376344086021505	0.005376344086021505	0.005376344086021505	0.005376344086021505	0.005376344086021505
22	22	0.005208333333333333	0.005208333333333333	0.22395833333333334	0.005208333333333333	0.005208333333333333	0.005208333333333333	0.005208333333333333	0.06770833333333333	0.005208333333333333	0.005208333333333333	0.036458333333333336	0.005208333333333333	0.005208333333333333	0.036458333333333336	0.005208333333333333	0.036458333333333336	0.005208333333333333	0.005208333333333333	0.036458333333333336	0.005208333333333333	0.005208333333333333	0.09895833333333333	0.005208333333333333	0.005208333333333333	0.005208333333333333	0.036458333333333336	0.005208333333333333	0.005208333333333333	0.09895833333333333	0.22395833333333334
23	23	0.004629629629629629	0.004629629629629629	0.06018518518518518	0.06018518518518518	0.004629629629629629	0.14351851851851852	0.004629629629629629	0.004629629629629629	0.19907407407407407	0.004629629629629629	0.004629629629629629	0.004629629629629629	0.004629629629629629	0.004629629629629629	0.004629629629629629	0.004629629629629629	0.004629629629629629	0.004629629629629629	0.004629629629629629	0.11574074074074076	0.004629629629629629	0.004629629629629629	0.004629629629629629	0.004629629629629629	0.004629629629629629	0.3101851851851852	0.004629629629629629	0.004629629629629629	0.004629629629629629	0.004629629629629629
24	24	0.08611111111111111	0.05277777777777778	0.0027777777777777775	0.0027777777777777775	0.0027777777777777775	0.0027777777777777775	0.0027777777777777775	0.03611111111111111	0.0027777777777777775	0.019444444444444445	0.11944444444444445	0.0027777777777777775	0.0027777777777777775	0.0027777777777777775	0.0027777777777777775	0.0027777777777777775	0.0027777777777777775	0.03611111111111111	0.019444444444444445	0.11944444444444445	0.11944444444444445	0.0027777777777777775	0.11944444444444445	0.03611111111111111	0.0027777777777777775	0.019444444444444445	0.16944444444444443	0.0027777777777777775	0.0027777777777777775	0.0027777777777777775
25	25	0.01111111111111111	0.01111111111111111	0.01111111111111111	0.07777777777777778	0.01111111111111111	0.01111111111111111	0.01111111111111111	0.01111111111111111	0.01111111111111111	0.01111111111111111	0.01111111111111111	0.01111111111111111	0.01111111111111111	0.01111111111111111	0.14444444444444443	0.01111111111111111	0.01111111111111111	0.07777777777777778	0.01111111111111111	0.07777777777777778	0.01111111111111111	0.07777777777777778	0.14444444444444443	0.01111111111111111	0.01111111111111111	0.01111111111111111	0.07777777777777778	0.01111111111111111	0.07777777777777778	0.01111111111111111
26	26	0.03431372549019608	0.004901960784313725	0.004901960784313725	0.03431372549019608	0.004901960784313725	0.03431372549019608	0.004901960784313725	0.004901960784313725	0.004901960784313725	0.03431372549019608	0.004901960784313725	0.004901960784313725	0.004901960784313725	0.004901960784313725	0.5931372549019608	0.004901960784313725	0.06372549019607843	0.03431372549019608	0.004901960784313725	0.004901960784313725	0.004901960784313725	0.004901960784313725	0.004901960784313725	0.004901960784313725	0.004901960784313725	0.004901960784313725	0.03431372549019608	0.03431372549019608	0.004901960784313725	0.004901960784313725
27	27	0.003968253968253968	0.051587301587301584	0.003968253968253968	0.003968253968253968	0.003968253968253968	0.003968253968253968	0.051587301587301584	0.003968253968253968	0.003968253968253968	0.003968253968253968	0.003968253968253968	0.003968253968253968	0.003968253968253968	0.003968253968253968	0.003968253968253968	0.003968253968253968	0.003968253968253968	0.003968253968253968	0.003968253968253968	0.003968253968253968	0.003968253968253968	0.003968253968253968	0.003968253968253968	0.003968253968253968	0.7896825396825397	0.003968253968253968	0.003968253968253968	0.003968253968253968	0.003968253968253968	0.003968253968253968
28	28	0.011904761904761904	0.08333333333333334	0.011904761904761904	0.011904761904761904	0.011904761904761904	0.011904761904761904	0.011904761904761904	0.011904761904761904	0.011904761904761904	0.011904761904761904	0.011904761904761904	0.011904761904761904	0.08333333333333334	0.011904761904761904	0.011904761904761904	0.15476190476190474	0.011904761904761904	0.011904761904761904	0.08333333333333334	0.08333333333333334	0.011904761904761904	0.011904761904761904	0.011904761904761904	0.08333333333333334	0.011904761904761904	0.011904761904761904	0.011904761904761904	0.011904761904761904	0.011904761904761904	0.15476190476190474
29	29	0.029914529914529916	0.004273504273504273	0.004273504273504273	0.15811965811965814	0.004273504273504273	0.004273504273504273	0.004273504273504273	0.004273504273504273	0.004273504273504273	0.004273504273504273	0.15811965811965814	0.004273504273504273	0.004273504273504273	0.05555555555555555	0.004273504273504273	0.004273504273504273	0.13247863247863248	0.004273504273504273	0.13247863247863248	0.004273504273504273	0.004273504273504273	0.004273504273504273	0.004273504273504273	0.004273504273504273	0.004273504273504273	0.004273504273504273	0.10683760683760685	0.004273504273504273	0.13247863247863248	0.004273504273504273
30	30	0.00326797385620915	0.00326797385620915	0.08169934640522876	0.00326797385620915	0.00326797385620915	0.00326797385620915	0.00326797385620915	0.00326797385620915	0.06209150326797385	0.00326797385620915	0.3169934640522876	0.00326797385620915	0.00326797385620915	0.00326797385620915	0.00326797385620915	0.00326797385620915	0.06209150326797385	0.022875816993464054	0.08169934640522876	0.00326797385620915	0.00326797385620915	0.00326797385620915	0.06209150326797385	0.00326797385620915	0.022875816993464054	0.00326797385620915	0.00326797385620915	0.00326797385620915	0.022875816993464054	0.19934640522875816
31	31	0.181592039800995	0.03233830845771144	0.13681592039800994	0.0024875621890547263	0.0024875621890547263	0.0024875621890547263	0.0024875621890547263	0.0024875621890547263	0.0024875621890547263	0.06218905472636816	0.0024875621890547263	0.0024875621890547263	0.0024875621890547263	0.0024875621890547263	0.03233830845771144	0.017412935323383085	0.0024875621890547263	0.017412935323383085	0.03233830845771144	0.09203980099502489	0.06218905472636816	0.21144278606965172	0.0024875621890547263	0.07711442786069653	0.0024875621890547263	0.0024875621890547263	0.0024875621890547263	0.0024875621890547263	0.0024875621890547263	0.0024875621890547263
32	32	0.13541666666666666	0.07291666666666667	0.010416666666666666	0.010416666666666666	0.010416666666666666	0.010416666666666666	0.010416666666666666	0.010416666666666666	0.07291666666666667	0.010416666666666666	0.010416666666666666	0.13541666666666666	0.010416666666666666	0.010416666666666666	0.010416666666666666	0.010416666666666666	0.010416666666666666	0.010416666666666666	0.010416666666666666	0.07291666666666667	0.010416666666666666	0.010416666666666666	0.07291666666666667	0.010416666666666666	0.010416666666666666	0.010416666666666666	0.010416666666666666	0.010416666666666666	0.19791666666666666	0.010416666666666666
33	33	0.005747126436781609	0.14367816091954025	0.005747126436781609	0.005747126436781609	0.040229885057471264	0.005747126436781609	0.005747126436781609	0.005747126436781609	0.005747126436781609	0.005747126436781609	0.005747126436781609	0.005747126436781609	0.005747126436781609	0.040229885057471264	0.040229885057471264	0.005747126436781609	0.28160919540229884	0.005747126436781609	0.005747126436781609	0.005747126436781609	0.005747126436781609	0.005747126436781609	0.005747126436781609	0.28160919540229884	0.005747126436781609	0.005747126436781609	0.005747126436781609	0.005747126436781609	0.040229885057471264	0.005747126436781609
34	34	0.01282051282051282	0.01282051282051282	0.01282051282051282	0.01282051282051282	0.01282051282051282	0.01282051282051282	0.6282051282051282	0.01282051282051282	0.01282051282051282	0.01282051282051282	0.01282051282051282	0.01282051282051282	0.01282051282051282	0.01282051282051282	0.01282051282051282	0.01282051282051282	0.01282051282051282	0.01282051282051282	0.01282051282051282	0.01282051282051282	0.01282051282051282	0.01282051282051282	0.01282051282051282	0.01282051282051282	0.01282051282051282	0.01282051282051282	0.01282051282051282	0.01282051282051282	0.01282051282051282	0.01282051282051282
35	35	0.24814814814814815	0.0037037037037037034	0.0037037037037037034	0.0037037037037037034	0.0037037037037037034	0.0037037037037037034	0.0037037037037037034	0.02592592592592593	0.0037037037037037034	0.07037037037037036	0.02592592592592593	0.04814814814814815	0.0037037037037037034	0.0037037037037037034	0.0037037037037037034	0.0037037037037037034	0.02592592592592593	0.0037037037037037034	0.0037037037037037034	0.04814814814814815	0.04814814814814815	0.07037037037037036	0.0037037037037037034	0.0037037037037037034	0.24814814814814815	0.0037037037037037034	0.0037037037037037034	0.02592592592592593	0.0037037037037037034	0.04814814814814815
36	36	0.02592592592592593	0.0037037037037037034	0.0037037037037037034	0.0037037037037037034	0.0037037037037037034	0.0037037037037037034	0.0037037037037037034	0.07037037037037036	0.02592592592592593	0.0037037037037037034	0.0037037037037037034	0.0037037037037037034	0.0037037037037037034	0.0037037037037037034	0.0037037037037037034	0.0925925925925926	0.0037037037037037034	0.4481481481481482	0.0037037037037037034	0.0037037037037037034	0.0037037037037037034	0.0925925925925926	0.0037037037037037034	0.0037037037037037034	0.07037037037037036	0.02592592592592593	0.04814814814814815	0.02592592592592593	0.0037037037037037034	0.0037037037037037034
37	37	0.009259259259259259	0.009259259259259259	0.009259259259259259	0.009259259259259259	0.009259259259259259	0.009259259259259259	0.009259259259259259	0.009259259259259259	0.17592592592592593	0.009259259259259259	0.009259259259259259	0.5092592592592592	0.009259259259259259	0.009259259259259259	0.009259259259259259	0.009259259259259259	0.009259259259259259	0.009259259259259259	0.009259259259259259	0.009259259259259259	0.009259259259259259	0.009259259259259259	0.009259259259259259	0.009259259259259259	0.009259259259259259	0.009259259259259259	0.009259259259259259	0.06481481481481483	0.009259259259259259	0.009259259259259259
38	38	0.4743589743589744	0.01282051282051282	0.01282051282051282	0.08974358974358974	0.01282051282051282	0.01282051282051282	0.01282051282051282	0.01282051282051282	0.08974358974358974	0.01282051282051282	0.01282051282051282	0.01282051282051282	0.01282051282051282	0.01282051282051282	0.01282051282051282	0.01282051282051282	0.01282051282051282	0.01282051282051282	0.01282051282051282	0.01282051282051282	0.01282051282051282	0.01282051282051282	0.01282051282051282	0.01282051282051282	0.01282051282051282	0.01282051282051282	0.01282051282051282	0.01282051282051282	0.01282051282051282	0.01282051282051282
39	39	0.009259259259259259	0.009259259259259259	0.009259259259259259	0.009259259259259259	0.009259259259259259	0.06481481481481483	0.009259259259259259	0.009259259259259259	0.06481481481481483	0.009259259259259259	0.06481481481481483	0.009259259259259259	0.009259259259259259	0.009259259259259259	0.06481481481481483	0.009259259259259259	0.009259259259259259	0.009259259259259259	0.009259259259259259	0.009259259259259259	0.009259259259259259	0.009259259259259259	0.3425925925925926	0.009259259259259259	0.009259259259259259	0.009259259259259259	0.17592592592592593	0.009259259259259259	0.009259259259259259	0.009259259259259259
40	40	0.005376344086021505	0.005376344086021505	0.005376344086021505	0.005376344086021505	0.005376344086021505	0.03763440860215054	0.005376344086021505	0.005376344086021505	0.005376344086021505	0.13440860215053765	0.005376344086021505	0.005376344086021505	0.005376344086021505	0.005376344086021505	0.005376344086021505	0.005376344086021505	0.005376344086021505	0.1021505376344086	0.06989247311827956	0.3924731182795699	0.005376344086021505	0.005376344086021505	0.005376344086021505	0.005376344086021505	0.005376344086021505	0.005376344086021505	0.005376344086021505	0.13440860215053765	0.005376344086021505	0.005376344086021505
41	41	0.006172839506172839	0.006172839506172839	0.006172839506172839	0.006172839506172839	0.006172839506172839	0.006172839506172839	0.006172839506172839	0.04320987654320988	0.006172839506172839	0.006172839506172839	0.006172839506172839	0.154320987654321	0.006172839506172839	0.154320987654321	0.006172839506172839	0.11728395061728394	0.006172839506172839	0.006172839506172839	0.11728395061728394	0.006172839506172839	0.006172839506172839	0.006172839506172839	0.006172839506172839	0.006172839506172839	0.006172839506172839	0.08024691358024691	0.154320987654321	0.006172839506172839	0.006172839506172839	0.04320987654320988
42	42	0.007246376811594202	0.007246376811594202	0.007246376811594202	0.007246376811594202	0.007246376811594202	0.050724637681159424	0.007246376811594202	0.050724637681159424	0.09420289855072463	0.007246376811594202	0.007246376811594202	0.007246376811594202	0.007246376811594202	0.09420289855072463	0.007246376811594202	0.007246376811594202	0.007246376811594202	0.13768115942028986	0.007246376811594202	0.007246376811594202	0.050724637681159424	0.007246376811594202	0.007246376811594202	0.007246376811594202	0.007246376811594202	0.22463768115942032	0.007246376811594202	0.13768115942028986	0.007246376811594202	0.007246376811594202
43	43	0.003472222222222222	0.003472222222222222	0.003472222222222222	0.003472222222222222	0.003472222222222222	0.003472222222222222	0.04513888888888889	0.1076388888888889	0.06597222222222222	0.003472222222222222	0.1076388888888889	0.003472222222222222	0.04513888888888889	0.4618055555555556	0.003472222222222222	0.003472222222222222	0.003472222222222222	0.06597222222222222	0.003472222222222222	0.024305555555555556	0.003472222222222222	0.003472222222222222	0.003472222222222222	0.003472222222222222	0.003472222222222222	0.003472222222222222	0.003472222222222222	0.003472222222222222	0.003472222222222222	0.003472222222222222
44	44	0.0043859649122807015	0.37280701754385964	0.13596491228070176	0.0043859649122807015	0.0043859649122807015	0.030701754385964914	0.0043859649122807015	0.0043859649122807015	0.05701754385964912	0.0043859649122807015	0.0043859649122807015	0.0043859649122807015	0.0043859649122807015	0.0043859649122807015	0.0043859649122807015	0.0043859649122807015	0.0043859649122807015	0.030701754385964914	0.0043859649122807015	0.0043859649122807015	0.0043859649122807015	0.030701754385964914	0.0043859649122807015	0.08333333333333333	0.08333333333333333	0.0043859649122807015	0.0043859649122807015	0.0043859649122807015	0.0043859649122807015	0.08333333333333333
45	45	0.01282051282051282	0.01282051282051282	0.01282051282051282	0.01282051282051282	0.01282051282051282	0.01282051282051282	0.6282051282051282	0.01282051282051282	0.01282051282051282	0.01282051282051282	0.01282051282051282	0.01282051282051282	0.01282051282051282	0.01282051282051282	0.01282051282051282	0.01282051282051282	0.01282051282051282	0.01282051282051282	0.01282051282051282	0.01282051282051282	0.01282051282051282	0.01282051282051282	0.01282051282051282	0.01282051282051282	0.01282051282051282	0.01282051282051282	0.01282051282051282	0.01282051282051282	0.01282051282051282	0.01282051282051282
46	46	0.005747126436781609	0.10919540229885057	0.040229885057471264	0.005747126436781609	0.10919540229885057	0.005747126436781609	0.005747126436781609	0.005747126436781609	0.005747126436781609	0.005747126436781609	0.005747126436781609	0.005747126436781609	0.005747126436781609	0.005747126436781609	0.005747126436781609	0.005747126436781609	0.07471264367816091	0.1781609195402299	0.005747126436781609	0.005747126436781609	0.005747126436781609	0.005747126436781609	0.040229885057471264	0.005747126436781609	0.005747126436781609	0.005747126436781609	0.005747126436781609	0.10919540229885057	0.21264367816091956	0.005747126436781609
47	47	0.008771929824561403	0.06140350877192983	0.008771929824561403	0.008771929824561403	0.11403508771929824	0.008771929824561403	0.008771929824561403	0.008771929824561403	0.008771929824561403	0.008771929824561403	0.008771929824561403	0.008771929824561403	0.008771929824561403	0.008771929824561403	0.008771929824561403	0.008771929824561403	0.2719298245614035	0.008771929824561403	0.008771929824561403	0.008771929824561403	0.008771929824561403	0.008771929824561403	0.008771929824561403	0.11403508771929824	0.008771929824561403	0.16666666666666666	0.008771929824561403	0.06140350877192983	0.008771929824561403	0.008771929824561403
48	48	0.005555555555555555	0.005555555555555555	0.005555555555555555	0.005555555555555555	0.2388888888888889	0.005555555555555555	0.005555555555555555	0.005555555555555555	0.005555555555555555	0.005555555555555555	0.005555555555555555	0.005555555555555555	0.005555555555555555	0.005555555555555555	0.005555555555555555	0.005555555555555555	0.005555555555555555	0.005555555555555555	0.07222222222222222	0.005555555555555555	0.03888888888888889	0.3055555555555555	0.005555555555555555	0.005555555555555555	0.07222222222222222	0.005555555555555555	0.005555555555555555	0.10555555555555556	0.005555555555555555	0.03888888888888889
49	49	0.02777777777777778	0.28968253968253965	0.09920634920634921	0.003968253968253968	0.003968253968253968	0.003968253968253968	0.003968253968253968	0.003968253968253968	0.003968253968253968	0.003968253968253968	0.003968253968253968	0.003968253968253968	0.003968253968253968	0.003968253968253968	0.003968253968253968	0.003968253968253968	0.003968253968253968	0.003968253968253968	0.003968253968253968	0.003968253968253968	0.003968253968253968	0.051587301587301584	0.02777777777777778	0.12301587301587302	0.07539682539682539	0.09920634920634921	0.003968253968253968	0.003968253968253968	0.003968253968253968	0.12301587301587302
50	50	0.007246376811594202	0.007246376811594202	0.050724637681159424	0.007246376811594202	0.050724637681159424	0.18115942028985507	0.007246376811594202	0.007246376811594202	0.007246376811594202	0.007246376811594202	0.007246376811594202	0.007246376811594202	0.007246376811594202	0.007246376811594202	0.007246376811594202	0.39855072463768115	0.050724637681159424	0.007246376811594202	0.007246376811594202	0.007246376811594202	0.007246376811594202	0.007246376811594202	0.09420289855072463	0.007246376811594202	0.007246376811594202	0.007246376811594202	0.007246376811594202	0.007246376811594202	0.007246376811594202	0.007246376811594202
51	51	0.005952380952380952	0.005952380952380952	0.005952380952380952	0.005952380952380952	0.005952380952380952	0.1488095238095238	0.005952380952380952	0.005952380952380952	0.04166666666666667	0.07738095238095237	0.005952380952380952	0.005952380952380952	0.04166666666666667	0.005952380952380952	0.005952380952380952	0.005952380952380952	0.005952380952380952	0.005952380952380952	0.1130952380952381	0.005952380952380952	0.005952380952380952	0.005952380952380952	0.1488095238095238	0.005952380952380952	0.22023809523809526	0.07738095238095237	0.005952380952380952	0.005952380952380952	0.005952380952380952	0.005952380952380952
52	52	0.004065040650406504	0.004065040650406504	0.10162601626016261	0.02845528455284553	0.15040650406504066	0.004065040650406504	0.02845528455284553	0.02845528455284553	0.05284552845528455	0.004065040650406504	0.004065040650406504	0.004065040650406504	0.004065040650406504	0.004065040650406504	0.004065040650406504	0.004065040650406504	0.02845528455284553	0.004065040650406504	0.10162601626016261	0.004065040650406504	0.004065040650406504	0.004065040650406504	0.004065040650406504	0.004065040650406504	0.004065040650406504	0.004065040650406504	0.12601626016260165	0.12601626016260165	0.004065040650406504	0.15040650406504066
53	53	0.006666666666666666	0.006666666666666666	0.006666666666666666	0.36666666666666664	0.006666666666666666	0.006666666666666666	0.04666666666666667	0.006666666666666666	0.006666666666666666	0.006666666666666666	0.04666666666666667	0.04666666666666667	0.08666666666666666	0.006666666666666666	0.006666666666666666	0.04666666666666667	0.12666666666666665	0.006666666666666666	0.006666666666666666	0.04666666666666667	0.006666666666666666	0.006666666666666666	0.006666666666666666	0.006666666666666666	0.006666666666666666	0.006666666666666666	0.006666666666666666	0.006666666666666666	0.04666666666666667	0.006666666666666666
54	54	0.1388888888888889	0.005555555555555555	0.005555555555555555	0.005555555555555555	0.005555555555555555	0.07222222222222222	0.005555555555555555	0.03888888888888889	0.005555555555555555	0.03888888888888889	0.005555555555555555	0.33888888888888885	0.005555555555555555	0.07222222222222222	0.03888888888888889	0.005555555555555555	0.03888888888888889	0.03888888888888889	0.005555555555555555	0.005555555555555555	0.005555555555555555	0.005555555555555555	0.03888888888888889	0.005555555555555555	0.03888888888888889	0.005555555555555555	0.005555555555555555	0.005555555555555555	0.005555555555555555	0.005555555555555555
55	55	0.016666666666666666	0.016666666666666666	0.016666666666666666	0.11666666666666667	0.016666666666666666	0.016666666666666666	0.016666666666666666	0.016666666666666666	0.016666666666666666	0.016666666666666666	0.11666666666666667	0.016666666666666666	0.016666666666666666	0.016666666666666666	0.016666666666666666	0.016666666666666666	0.016666666666666666	0.016666666666666666	0.016666666666666666	0.016666666666666666	0.016666666666666666	0.016666666666666666	0.31666666666666665	0.016666666666666666	0.016666666666666666	0.016666666666666666	0.016666666666666666	0.016666666666666666	0.016666666666666666	0.016666666666666666
56	56	0.01282051282051282	0.01282051282051282	0.01282051282051282	0.01282051282051282	0.01282051282051282	0.01282051282051282	0.6282051282051282	0.01282051282051282	0.01282051282051282	0.01282051282051282	0.01282051282051282	0.01282051282051282	0.01282051282051282	0.01282051282051282	0.01282051282051282	0.01282051282051282	0.01282051282051282	0.01282051282051282	0.01282051282051282	0.01282051282051282	0.01282051282051282	0.01282051282051282	0.01282051282051282	0.01282051282051282	0.01282051282051282	0.01282051282051282	0.01282051282051282	0.01282051282051282	0.01282051282051282	0.01282051282051282
57	57	0.004629629629629629	0.004629629629629629	0.004629629629629629	0.14351851851851852	0.004629629629629629	0.2546296296296296	0.03240740740740741	0.004629629629629629	0.004629629629629629	0.004629629629629629	0.004629629629629629	0.03240740740740741	0.14351851851851852	0.06018518518518518	0.004629629629629629	0.004629629629629629	0.004629629629629629	0.004629629629629629	0.03240740740740741	0.004629629629629629	0.06018518518518518	0.03240740740740741	0.004629629629629629	0.11574074074074076	0.004629629629629629	0.004629629629629629	0.004629629629629629	0.004629629629629629	0.004629629629629629	0.004629629629629629
58	58	0.03431372549019608	0.09313725490196079	0.004901960784313725	0.06372549019607843	0.004901960784313725	0.004901960784313725	0.004901960784313725	0.004901960784313725	0.06372549019607843	0.004901960784313725	0.06372549019607843	0.004901960784313725	0.03431372549019608	0.004901960784313725	0.004901960784313725	0.03431372549019608	0.004901960784313725	0.004901960784313725	0.004901960784313725	0.004901960784313725	0.004901960784313725	0.004901960784313725	0.004901960784313725	0.004901960784313725	0.38725490196078427	0.06372549019607843	0.004901960784313725	0.06372549019607843	0.004901960784313725	0.004901960784313725
59	59	0.16666666666666669	0.023809523809523808	0.023809523809523808	0.023809523809523808	0.023809523809523808	0.023809523809523808	0.023809523809523808	0.023809523809523808	0.023809523809523808	0.023809523809523808	0.023809523809523808	0.16666666666666669	0.023809523809523808	0.023809523809523808	0.023809523809523808	0.023809523809523808	0.023809523809523808	0.023809523809523808	0.023809523809523808	0.023809523809523808	0.023809523809523808	0.023809523809523808	0.023809523809523808	0.023809523809523808	0.023809523809523808	0.023809523809523808	0.023809523809523808	0.023809523809523808	0.023809523809523808	0.023809523809523808
60	60	0.2604166666666667	0.010416666666666666	0.19791666666666666	0.010416666666666666	0.010416666666666666	0.010416666666666666	0.010416666666666666	0.010416666666666666	0.010416666666666666	0.13541666666666666	0.010416666666666666	0.010416666666666666	0.010416666666666666	0.010416666666666666	0.010416666666666666	0.010416666666666666	0.010416666666666666	0.010416666666666666	0.010416666666666666	0.07291666666666667	0.010416666666666666	0.010416666666666666	0.010416666666666666	0.010416666666666666	0.07291666666666667	0.010416666666666666	0.010416666666666666	0.010416666666666666	0.010416666666666666	0.010416666666666666
61	61	0.17222222222222222	0.005555555555555555	0.03888888888888889	0.005555555555555555	0.03888888888888889	0.005555555555555555	0.005555555555555555	0.005555555555555555	0.005555555555555555	0.005555555555555555	0.03888888888888889	0.005555555555555555	0.3055555555555555	0.005555555555555555	0.03888888888888889	0.03888888888888889	0.005555555555555555	0.005555555555555555	0.005555555555555555	0.005555555555555555	0.005555555555555555	0.03888888888888889	0.10555555555555556	0.005555555555555555	0.005555555555555555	0.03888888888888889	0.005555555555555555	0.03888888888888889	0.005555555555555555	0.005555555555555555
62	62	0.03431372549019608	0.004901960784313725	0.004901960784313725	0.004901960784313725	0.004901960784313725	0.004901960784313725	0.004901960784313725	0.004901960784313725	0.004901960784313725	0.2107843137254902	0.2107843137254902	0.03431372549019608	0.03431372549019608	0.03431372549019608	0.004901960784313725	0.12254901960784315	0.03431372549019608	0.004901960784313725	0.004901960784313725	0.004901960784313725	0.03431372549019608	0.004901960784313725	0.09313725490196079	0.03431372549019608	0.004901960784313725	0.004901960784313725	0.03431372549019608	0.004901960784313725	0.004901960784313725	0.004901960784313725
