0	0	0.00392156862745098	0.023529411764705882	0.023529411764705882	0.00392156862745098	0.00392156862745098	0.10196078431372549	0.00392156862745098	0.00392156862745098	0.00392156862745098	0.00392156862745098	0.08235294117647059	0.08235294117647059	0.00392156862745098	0.00392156862745098	0.023529411764705882	0.2588235294117647	0.12156862745098039	0.00392156862745098	0.00392156862745098	0.00392156862745098	0.00392156862745098	0.00392156862745098	0.16078431372549018	0.00392156862745098	0.06274509803921569
1	1	0.08648648648648649	0.005405405405405406	0.005405405405405406	0.1945945945945946	0.14054054054054055	0.05945945945945946	0.005405405405405406	0.005405405405405406	0.005405405405405406	0.005405405405405406	0.11351351351351352	0.005405405405405406	0.005405405405405406	0.005405405405405406	0.005405405405405406	0.005405405405405406	0.005405405405405406	0.005405405405405406	0.005405405405405406	0.005405405405405406	0.2216216216216216	0.005405405405405406	0.08648648648648649	0.005405405405405406	0.005405405405405406
2	2	0.20909090909090908	0.004545454545454546	0.004545454545454546	0.09545454545454546	0.004545454545454546	0.02727272727272727	0.004545454545454546	0.004545454545454546	0.16363636363636364	0.004545454545454546	0.004545454545454546	0.02727272727272727	0.004545454545454546	0.004545454545454546	0.004545454545454546	0.09545454545454546	0.004545454545454546	0.09545454545454546	0.004545454545454546	0.05	0.07272727272727274	0.05	0.004545454545454546	0.004545454545454546	0.05
3	3	0.25833333333333336	0.008333333333333333	0.008333333333333333	0.008333333333333333	0.049999999999999996	0.13333333333333333	0.049999999999999996	0.008333333333333333	0.008333333333333333	0.008333333333333333	0.049999999999999996	0.008333333333333333	0.008333333333333333	0.008333333333333333	0.008333333333333333	0.008333333333333333	0.008333333333333333	0.008333333333333333	0.008333333333333333	0.09166666666666667	0.008333333333333333	0.008333333333333333	0.21666666666666667	0.008333333333333333	0.008333333333333333
4	4	0.004347826086956522	0.02608695652173913	0.06956521739130435	0.30869565217391304	0.004347826086956522	0.004347826086956522	0.004347826086956522	0.28695652173913044	0.02608695652173913	0.04782608695652174	0.004347826086956522	0.004347826086956522	0.02608695652173913	0.004347826086956522	0.004347826086956522	0.004347826086956522	0.004347826086956522	0.004347826086956522	0.004347826086956522	0.004347826086956522	0.02608695652173913	0.02608695652173913	0.09130434782608696	0.004347826086956522	0.004347826086956522
5	5	0.005	0.005	0.08	0.005	0.005	0.03	0.22999999999999998	0.13	0.005	0.03	0.005	0.005	0.005	0.005	0.005	0.005	0.005	0.18	0.005	0.005	0.005	0.005	0.205	0.03	0.005
6	6	0.006060606060606061	0.006060606060606061	0.03636363636363636	0.03636363636363636	0.006060606060606061	0.006060606060606061	0.1272727272727273	0.03636363636363636	0.006060606060606061	0.006060606060606061	0.09696969696969697	0.1272727272727273	0.006060606060606061	0.09696969696969697	0.006060606060606061	0.006060606060606061	0.006060606060606061	0.006060606060606061	0.2181818181818182	0.006060606060606061	0.03636363636363636	0.006060606060606061	0.006060606060606061	0.006060606060606061	0.09696969696969697
7	7	0.008695652173913044	0.05217391304347826	0.008695652173913044	0.008695652173913044	0.008695652173913044	0.008695652173913044	0.008695652173913044	0.008695652173913044	0.008695652173913044	0.008695652173913044	0.008695652173913044	0.008695652173913044	0.008695652173913044	0.09565217391304348	0.05217391304347826	0.008695652173913044	0.1826086956521739	0.008695652173913044	0.1391304347826087	0.09565217391304348	0.09565217391304348	0.05217391304347826	0.05217391304347826	0.05217391304347826	0.008695652173913044
8	8	0.005263157894736842	0.08421052631578947	0.031578947368421054	0.18947368421052632	0.005263157894736842	0.005263157894736842	0.005263157894736842	0.1105263157894737	0.005263157894736842	0.005263157894736842	0.005263157894736842	0.031578947368421054	0.005263157894736842	0.005263157894736842	0.031578947368421054	0.031578947368421054	0.005263157894736842	0.005263157894736842	0.005263157894736842	0.005263157894736842	0.031578947368421054	0.18947368421052632	0.05789473684210527	0.031578947368421054	0.1105263157894737
9	9	0.005405405405405406	0.005405405405405406	0.08648648648648649	0.005405405405405406	0.005405405405405406	0.005405405405405406	0.2216216216216216	0.005405405405405406	0.05945945945945946	0.05945945945945946	0.005405405405405406	0.16756756756756758	0.2216216216216216	0.005405405405405406	0.005405405405405406	0.005405405405405406	0.005405405405405406	0.05945945945945946	0.005405405405405406	0.005405405405405406	0.005405405405405406	0.005405405405405406	0.032432432432432434	0.005405405405405406	0.005405405405405406
10	10	0.005555555555555556	0.005555555555555556	0.005555555555555556	0.03333333333333333	0.005555555555555556	0.005555555555555556	0.005555555555555556	0.25555555555555554	0.11666666666666667	0.005555555555555556	0.08888888888888889	0.005555555555555556	0.005555555555555556	0.005555555555555556	0.005555555555555556	0.005555555555555556	0.03333333333333333	0.005555555555555556	0.11666666666666667	0.061111111111111116	0.03333333333333333	0.005555555555555556	0.17222222222222222	0.005555555555555556	0.005555555555555556
11	11	0.011764705882352941	0.011764705882352941	0.011764705882352941	0.011764705882352941	0.011764705882352941	0.6588235294117647	0.011764705882352941	0.011764705882352941	0.011764705882352941	0.011764705882352941	0.011764705882352941	0.011764705882352941	0.011764705882352941	0.011764705882352941	0.011764705882352941	0.011764705882352941	0.011764705882352941	0.011764705882352941	0.011764705882352941	0.011764705882352941	0.011764705882352941	0.011764705882352941	0.011764705882352941	0.07058823529411765	0.011764705882352941
12	12	0.004545454545454546	0.004545454545454546	0.004545454545454546	0.1409090909090909	0.004545454545454546	0.004545454545454546	0.004545454545454546	0.004545454545454546	0.11818181818181818	0.004545454545454546	0.004545454545454546	0.07272727272727274	0.004545454545454546	0.004545454545454546	0.004545454545454546	0.02727272727272727	0.05	0.004545454545454546	0.004545454545454546	0.1409090909090909	0.02727272727272727	0.02727272727272727	0.2545454545454545	0.004545454545454546	0.07272727272727274
13	13	0.006060606060606061	0.1272727272727273	0.06666666666666667	0.006060606060606061	0.2181818181818182	0.006060606060606061	0.006060606060606061	0.09696969696969697	0.006060606060606061	0.03636363636363636	0.03636363636363636	0.006060606060606061	0.006060606060606061	0.1878787878787879	0.006060606060606061	0.006060606060606061	0.006060606060606061	0.09696969696969697	0.03636363636363636	0.006060606060606061	0.006060606060606061	0.006060606060606061	0.006060606060606061	0.006060606060606061	0.006060606060606061
14	14	0.04285714285714286	0.0071428571428571435	0.0071428571428571435	0.1142857142857143	0.0071428571428571435	0.07857142857142858	0.0071428571428571435	0.2571428571428572	0.0071428571428571435	0.0071428571428571435	0.0071428571428571435	0.22142857142857145	0.07857142857142858	0.0071428571428571435	0.0071428571428571435	0.0071428571428571435	0.0071428571428571435	0.0071428571428571435	0.0071428571428571435	0.0071428571428571435	0.0071428571428571435	0.04285714285714286	0.04285714285714286	0.0071428571428571435	0.0071428571428571435
15	15	0.005	0.255	0.005	0.005	0.03	0.005	0.03	0.005	0.005	0.03	0.005	0.005	0.005	0.005	0.005	0.005	0.08	0.03	0.05500000000000001	0.005	0.18	0.205	0.005	0.005	0.03
16	16	0.00625	0.44375	0.0375	0.06875	0.06875	0.00625	0.00625	0.1	0.00625	0.00625	0.00625	0.00625	0.00625	0.00625	0.00625	0.0375	0.00625	0.0375	0.00625	0.00625	0.00625	0.1	0.00625	0.00625	0.00625
17	17	0.026666666666666665	0.40444444444444444	0.11555555555555556	0.04888888888888889	0.04888888888888889	0.026666666666666665	0.07111111111111111	0.0044444444444444444	0.0044444444444444444	0.0044444444444444444	0.026666666666666665	0.026666666666666665	0.0044444444444444444	0.04888888888888889	0.0044444444444444444	0.0044444444444444444	0.0044444444444444444	0.0044444444444444444	0.0044444444444444444	0.0044444444444444444	0.07111111111111111	0.0044444444444444444	0.0044444444444444444	0.0044444444444444444	0.026666666666666665
18	18	0.016666666666666666	0.016666666666666666	0.016666666666666666	0.016666666666666666	0.016666666666666666	0.26666666666666666	0.016666666666666666	0.016666666666666666	0.016666666666666666	0.016666666666666666	0.016666666666666666	0.016666666666666666	0.016666666666666666	0.016666666666666666	0.016666666666666666	0.016666666666666666	0.016666666666666666	0.016666666666666666	0.016666666666666666	0.016666666666666666	0.18333333333333335	0.016666666666666666	0.016666666666666666	0.016666666666666666	0.18333333333333335
19	19	0.0064516129032258064	0.5870967741935483	0.03870967741935484	0.0064516129032258064	0.0064516129032258064	0.0064516129032258064	0.0064516129032258064	0.0064516129032258064	0.0064516129032258064	0.03870967741935484	0.03870967741935484	0.0064516129032258064	0.0064516129032258064	0.03870967741935484	0.0064516129032258064	0.0064516129032258064	0.0064516129032258064	0.0064516129032258064	0.0064516129032258064	0.0064516129032258064	0.0064516129032258064	0.13548387096774195	0.0064516129032258064	0.0064516129032258064	0.0064516129032258064
20	20	0.26956521739130435	0.1391304347826087	0.008695652173913044	0.008695652173913044	0.008695652173913044	0.05217391304347826	0.008695652173913044	0.008695652173913044	0.008695652173913044	0.008695652173913044	0.1391304347826087	0.008695652173913044	0.008695652173913044	0.008695652173913044	0.1391304347826087	0.008695652173913044	0.008695652173913044	0.008695652173913044	0.008695652173913044	0.008695652173913044	0.008695652173913044	0.05217391304347826	0.008695652173913044	0.05217391304347826	0.008695652173913044
21	21	0.008	0.008	0.048	0.008	0.008	0.08800000000000001	0.08800000000000001	0.008	0.128	0.008	0.008	0.008	0.008	0.008	0.048	0.008	0.008	0.128	0.008	0.008	0.008	0.248	0.008	0.08800000000000001	0.008
22	22	0.007692307692307693	0.12307692307692308	0.007692307692307693	0.007692307692307693	0.007692307692307693	0.08461538461538462	0.12307692307692308	0.08461538461538462	0.007692307692307693	0.007692307692307693	0.007692307692307693	0.007692307692307693	0.16153846153846155	0.04615384615384615	0.007692307692307693	0.007692307692307693	0.007692307692307693	0.04615384615384615	0.007692307692307693	0.04615384615384615	0.007692307692307693	0.16153846153846155	0.007692307692307693	0.007692307692307693	0.007692307692307693
23	23	0.005	0.005	0.005	0.005	0.005	0.005	0.005	0.005	0.005	0.08	0.03	0.005	0.58	0.005	0.005	0.10500000000000001	0.005	0.005	0.005	0.005	0.005	0.03	0.005	0.005	0.08
24	24	0.004347826086956522	0.02608695652173913	0.004347826086956522	0.11304347826086956	0.06956521739130435	0.004347826086956522	0.004347826086956522	0.004347826086956522	0.004347826086956522	0.004347826086956522	0.004347826086956522	0.1782608695652174	0.004347826086956522	0.004347826086956522	0.1565217391304348	0.13478260869565217	0.02608695652173913	0.11304347826086956	0.004347826086956522	0.004347826086956522	0.004347826086956522	0.004347826086956522	0.04782608695652174	0.02608695652173913	0.04782608695652174
25	25	0.1565217391304348	0.11304347826086956	0.04782608695652174	0.004347826086956522	0.004347826086956522	0.004347826086956522	0.04782608695652174	0.004347826086956522	0.004347826086956522	0.004347826086956522	0.02608695652173913	0.004347826086956522	0.004347826086956522	0.04782608695652174	0.1565217391304348	0.02608695652173913	0.09130434782608696	0.004347826086956522	0.004347826086956522	0.004347826086956522	0.1782608695652174	0.04782608695652174	0.004347826086956522	0.004347826086956522	0.004347826086956522
26	26	0.0058823529411764705	0.0058823529411764705	0.03529411764705882	0.03529411764705882	0.06470588235294118	0.12352941176470589	0.0058823529411764705	0.12352941176470589	0.0058823529411764705	0.03529411764705882	0.0058823529411764705	0.0058823529411764705	0.0058823529411764705	0.03529411764705882	0.0058823529411764705	0.0058823529411764705	0.0058823529411764705	0.03529411764705882	0.0058823529411764705	0.0058823529411764705	0.0058823529411764705	0.24117647058823527	0.0058823529411764705	0.0058823529411764705	0.1823529411764706
27	27	0.0038461538461538464	0.1769230769230769	0.13846153846153847	0.0038461538461538464	0.04230769230769231	0.023076923076923075	0.08076923076923077	0.0038461538461538464	0.0038461538461538464	0.0038461538461538464	0.0038461538461538464	0.0038461538461538464	0.0038461538461538464	0.1	0.0038461538461538464	0.0038461538461538464	0.06153846153846154	0.08076923076923077	0.0038461538461538464	0.0038461538461538464	0.06153846153846154	0.13846153846153847	0.0038461538461538464	0.0038461538461538464	0.04230769230769231
28	28	0.013333333333333334	0.013333333333333334	0.013333333333333334	0.013333333333333334	0.013333333333333334	0.6133333333333333	0.013333333333333334	0.013333333333333334	0.013333333333333334	0.013333333333333334	0.013333333333333334	0.013333333333333334	0.013333333333333334	0.013333333333333334	0.013333333333333334	0.013333333333333334	0.013333333333333334	0.013333333333333334	0.013333333333333334	0.013333333333333334	0.013333333333333334	0.013333333333333334	0.08	0.013333333333333334	0.013333333333333334
29	29	0.009523809523809525	0.009523809523809525	0.43809523809523804	0.009523809523809525	0.009523809523809525	0.009523809523809525	0.009523809523809525	0.009523809523809525	0.009523809523809525	0.009523809523809525	0.10476190476190476	0.05714285714285714	0.009523809523809525	0.10476190476190476	0.009523809523809525	0.009523809523809525	0.009523809523809525	0.009523809523809525	0.009523809523809525	0.009523809523809525	0.05714285714285714	0.009523809523809525	0.05714285714285714	0.009523809523809525	0.009523809523809525
30	30	0.030769230769230767	0.3641025641025641	0.1076923076923077	0.005128205128205128	0.005128205128205128	0.005128205128205128	0.005128205128205128	0.005128205128205128	0.005128205128205128	0.21025641025641023	0.005128205128205128	0.030769230769230767	0.030769230769230767	0.005128205128205128	0.005128205128205128	0.005128205128205128	0.005128205128205128	0.005128205128205128	0.005128205128205128	0.005128205128205128	0.005128205128205128	0.05641025641025642	0.005128205128205128	0.08205128205128205	0.005128205128205128
31	31	0.008333333333333333	0.049999999999999996	0.008333333333333333	0.008333333333333333	0.008333333333333333	0.008333333333333333	0.008333333333333333	0.008333333333333333	0.008333333333333333	0.049999999999999996	0.008333333333333333	0.5916666666666667	0.049999999999999996	0.008333333333333333	0.008333333333333333	0.049999999999999996	0.008333333333333333	0.049999999999999996	0.008333333333333333	0.008333333333333333	0.008333333333333333	0.008333333333333333	0.008333333333333333	0.008333333333333333	0.008333333333333333
32	32	0.0058823529411764705	0.15294117647058825	0.06470588235294118	0.12352941176470589	0.0058823529411764705	0.03529411764705882	0.0058823529411764705	0.0058823529411764705	0.0058823529411764705	0.0058823529411764705	0.03529411764705882	0.0058823529411764705	0.0058823529411764705	0.0058823529411764705	0.0058823529411764705	0.0058823529411764705	0.1823529411764706	0.0058823529411764705	0.0058823529411764705	0.0058823529411764705	0.09411764705882353	0.03529411764705882	0.0058823529411764705	0.03529411764705882	0.15294117647058825
33	33	0.09565217391304348	0.05217391304347826	0.09565217391304348	0.008695652173913044	0.09565217391304348	0.008695652173913044	0.008695652173913044	0.008695652173913044	0.05217391304347826	0.008695652173913044	0.008695652173913044	0.008695652173913044	0.008695652173913044	0.008695652173913044	0.008695652173913044	0.008695652173913044	0.008695652173913044	0.1391304347826087	0.008695652173913044	0.008695652173913044	0.008695652173913044	0.008695652173913044	0.1391304347826087	0.05217391304347826	0.1391304347826087
34	34	0.14	0.006666666666666667	0.04	0.14	0.07333333333333333	0.17333333333333334	0.006666666666666667	0.006666666666666667	0.006666666666666667	0.006666666666666667	0.17333333333333334	0.006666666666666667	0.006666666666666667	0.006666666666666667	0.07333333333333333	0.006666666666666667	0.006666666666666667	0.006666666666666667	0.006666666666666667	0.04	0.006666666666666667	0.006666666666666667	0.04	0.006666666666666667	0.006666666666666667
35	35	0.006666666666666667	0.006666666666666667	0.006666666666666667	0.006666666666666667	0.006666666666666667	0.10666666666666667	0.006666666666666667	0.10666666666666667	0.006666666666666667	0.006666666666666667	0.006666666666666667	0.006666666666666667	0.006666666666666667	0.006666666666666667	0.006666666666666667	0.33999999999999997	0.10666666666666667	0.20666666666666667	0.006666666666666667	0.006666666666666667	0.006666666666666667	0.006666666666666667	0.006666666666666667	0.006666666666666667	0.006666666666666667
36	36	0.007407407407407408	0.007407407407407408	0.08148148148148149	0.007407407407407408	0.007407407407407408	0.007407407407407408	0.007407407407407408	0.007407407407407408	0.007407407407407408	0.007407407407407408	0.1925925925925926	0.044444444444444446	0.007407407407407408	0.007407407407407408	0.007407407407407408	0.007407407407407408	0.34074074074074073	0.08148148148148149	0.007407407407407408	0.007407407407407408	0.007407407407407408	0.044444444444444446	0.007407407407407408	0.007407407407407408	0.08148148148148149
37	37	0.028571428571428574	0.028571428571428574	0.028571428571428574	0.028571428571428574	0.028571428571428574	0.028571428571428574	0.028571428571428574	0.028571428571428574	0.028571428571428574	0.028571428571428574	0.028571428571428574	0.028571428571428574	0.028571428571428574	0.028571428571428574	0.028571428571428574	0.028571428571428574	0.028571428571428574	0.028571428571428574	0.028571428571428574	0.028571428571428574	0.028571428571428574	0.028571428571428574	0.028571428571428574	0.17142857142857143	0.17142857142857143
38	38	0.005128205128205128	0.005128205128205128	0.005128205128205128	0.005128205128205128	0.030769230769230767	0.005128205128205128	0.005128205128205128	0.005128205128205128	0.030769230769230767	0.005128205128205128	0.030769230769230767	0.005128205128205128	0.005128205128205128	0.13333333333333333	0.005128205128205128	0.030769230769230767	0.030769230769230767	0.005128205128205128	0.005128205128205128	0.005128205128205128	0.13333333333333333	0.005128205128205128	0.2358974358974359	0.2358974358974359	0.030769230769230767
39	39	0.015384615384615385	0.015384615384615385	0.015384615384615385	0.015384615384615385	0.015384615384615385	0.3230769230769231	0.015384615384615385	0.015384615384615385	0.015384615384615385	0.015384615384615385	0.015384615384615385	0.015384615384615385	0.015384615384615385	0.015384615384615385	0.015384615384615385	0.015384615384615385	0.015384615384615385	0.015384615384615385	0.015384615384615385	0.015384615384615385	0.015384615384615385	0.16923076923076924	0.015384615384615385	0.015384615384615385	0.16923076923076924
40	40	0.008695652173913044	0.008695652173913044	0.008695652173913044	0.008695652173913044	0.008695652173913044	0.008695652173913044	0.008695652173913044	0.008695652173913044	0.05217391304347826	0.008695652173913044	0.09565217391304348	0.008695652173913044	0.22608695652173913	0.09565217391304348	0.008695652173913044	0.008695652173913044	0.008695652173913044	0.008695652173913044	0.008695652173913044	0.008695652173913044	0.008695652173913044	0.008695652173913044	0.22608695652173913	0.1391304347826087	0.008695652173913044
41	41	0.029268292682926828	0.175609756097561	0.004878048780487805	0.004878048780487805	0.004878048780487805	0.004878048780487805	0.05365853658536586	0.029268292682926828	0.004878048780487805	0.07804878048780488	0.004878048780487805	0.004878048780487805	0.2975609756097561	0.029268292682926828	0.004878048780487805	0.004878048780487805	0.07804878048780488	0.029268292682926828	0.004878048780487805	0.029268292682926828	0.004878048780487805	0.07804878048780488	0.029268292682926828	0.004878048780487805	0.004878048780487805
42	42	0.06285714285714286	0.06285714285714286	0.005714285714285714	0.005714285714285714	0.17714285714285716	0.005714285714285714	0.03428571428571429	0.005714285714285714	0.34857142857142853	0.005714285714285714	0.005714285714285714	0.06285714285714286	0.005714285714285714	0.005714285714285714	0.005714285714285714	0.005714285714285714	0.005714285714285714	0.005714285714285714	0.005714285714285714	0.005714285714285714	0.005714285714285714	0.14857142857142858	0.005714285714285714	0.005714285714285714	0.005714285714285714
43	43	0.0058823529411764705	0.09411764705882353	0.0058823529411764705	0.0058823529411764705	0.0058823529411764705	0.0058823529411764705	0.0058823529411764705	0.0058823529411764705	0.21176470588235294	0.0058823529411764705	0.03529411764705882	0.1823529411764706	0.03529411764705882	0.0058823529411764705	0.0058823529411764705	0.0058823529411764705	0.03529411764705882	0.15294117647058825	0.0058823529411764705	0.0058823529411764705	0.03529411764705882	0.12352941176470589	0.0058823529411764705	0.0058823529411764705	0.0058823529411764705
44	44	0.005405405405405406	0.005405405405405406	0.08648648648648649	0.005405405405405406	0.005405405405405406	0.005405405405405406	0.032432432432432434	0.005405405405405406	0.005405405405405406	0.005405405405405406	0.05945945945945946	0.005405405405405406	0.032432432432432434	0.08648648648648649	0.05945945945945946	0.11351351351351352	0.05945945945945946	0.16756756756756758	0.14054054054054055	0.005405405405405406	0.08648648648648649	0.005405405405405406	0.005405405405405406	0.005405405405405406	0.005405405405405406
45	45	0.003703703703703704	0.003703703703703704	0.022222222222222223	0.022222222222222223	0.003703703703703704	0.003703703703703704	0.003703703703703704	0.18888888888888888	0.003703703703703704	0.003703703703703704	0.040740740740740744	0.003703703703703704	0.15185185185185185	0.003703703703703704	0.040740740740740744	0.003703703703703704	0.003703703703703704	0.003703703703703704	0.003703703703703704	0.003703703703703704	0.003703703703703704	0.040740740740740744	0.42962962962962964	0.003703703703703704	0.003703703703703704
46	46	0.005714285714285714	0.005714285714285714	0.005714285714285714	0.005714285714285714	0.005714285714285714	0.005714285714285714	0.005714285714285714	0.005714285714285714	0.005714285714285714	0.005714285714285714	0.005714285714285714	0.06285714285714286	0.005714285714285714	0.005714285714285714	0.72	0.005714285714285714	0.005714285714285714	0.06285714285714286	0.005714285714285714	0.005714285714285714	0.005714285714285714	0.005714285714285714	0.03428571428571429	0.005714285714285714	0.005714285714285714
47	47	0.0071428571428571435	0.0071428571428571435	0.07857142857142858	0.0071428571428571435	0.0071428571428571435	0.04285714285714286	0.0071428571428571435	0.0071428571428571435	0.0071428571428571435	0.0071428571428571435	0.04285714285714286	0.04285714285714286	0.0071428571428571435	0.0071428571428571435	0.0071428571428571435	0.07857142857142858	0.0071428571428571435	0.5428571428571428	0.0071428571428571435	0.0071428571428571435	0.0071428571428571435	0.0071428571428571435	0.0071428571428571435	0.0071428571428571435	0.04285714285714286
48	48	0.1945945945945946	0.005405405405405406	0.005405405405405406	0.005405405405405406	0.032432432432432434	0.032432432432432434	0.005405405405405406	0.005405405405405406	0.005405405405405406	0.005405405405405406	0.005405405405405406	0.005405405405405406	0.16756756756756758	0.005405405405405406	0.005405405405405406	0.005405405405405406	0.16756756756756758	0.032432432432432434	0.005405405405405406	0.2216216216216216	0.032432432432432434	0.032432432432432434	0.005405405405405406	0.005405405405405406	0.005405405405405406
49	49	0.028571428571428574	0.028571428571428574	0.17142857142857143	0.028571428571428574	0.028571428571428574	0.17142857142857143	0.028571428571428574	0.028571428571428574	0.028571428571428574	0.028571428571428574	0.028571428571428574	0.028571428571428574	0.028571428571428574	0.028571428571428574	0.028571428571428574	0.028571428571428574	0.028571428571428574	0.028571428571428574	0.028571428571428574	0.028571428571428574	0.028571428571428574	0.028571428571428574	0.028571428571428574	0.028571428571428574	0.028571428571428574
50	50	0.008	0.008	0.008	0.168	0.008	0.008	0.008	0.048	0.008	0.008	0.008	0.32799999999999996	0.048	0.048	0.008	0.008	0.008	0.20800000000000002	0.008	0.008	0.008	0.008	0.008	0.008	0.008
51	51	0.011111111111111112	0.011111111111111112	0.011111111111111112	0.17777777777777778	0.011111111111111112	0.12222222222222223	0.011111111111111112	0.011111111111111112	0.06666666666666667	0.011111111111111112	0.011111111111111112	0.06666666666666667	0.12222222222222223	0.011111111111111112	0.06666666666666667	0.011111111111111112	0.011111111111111112	0.06666666666666667	0.011111111111111112	0.011111111111111112	0.12222222222222223	0.011111111111111112	0.011111111111111112	0.011111111111111112	0.011111111111111112
52	52	0.01	0.36	0.26	0.01	0.01	0.06	0.01	0.01	0.01	0.01	0.01	0.01	0.01	0.01	0.01	0.01	0.06	0.01	0.06	0.01	0.01	0.01	0.01	0.01	0.01
53	53	0.006060606060606061	0.1575757575757576	0.1878787878787879	0.09696969696969697	0.006060606060606061	0.006060606060606061	0.006060606060606061	0.006060606060606061	0.006060606060606061	0.006060606060606061	0.1878787878787879	0.006060606060606061	0.2181818181818182	0.006060606060606061	0.006060606060606061	0.006060606060606061	0.006060606060606061	0.006060606060606061	0.006060606060606061	0.006060606060606061	0.006060606060606061	0.006060606060606061	0.006060606060606061	0.03636363636363636	0.006060606060606061
54	54	0.005128205128205128	0.005128205128205128	0.005128205128205128	0.05641025641025642	0.005128205128205128	0.005128205128205128	0.005128205128205128	0.08205128205128205	0.005128205128205128	0.005128205128205128	0.030769230769230767	0.005128205128205128	0.5948717948717949	0.005128205128205128	0.005128205128205128	0.030769230769230767	0.030769230769230767	0.005128205128205128	0.005128205128205128	0.005128205128205128	0.005128205128205128	0.005128205128205128	0.08205128205128205	0.005128205128205128	0.005128205128205128
55	55	0.009090909090909092	0.32727272727272727	0.05454545454545454	0.05454545454545454	0.05454545454545454	0.009090909090909092	0.009090909090909092	0.1	0.009090909090909092	0.05454545454545454	0.009090909090909092	0.1	0.009090909090909092	0.009090909090909092	0.05454545454545454	0.009090909090909092	0.05454545454545454	0.009090909090909092	0.009090909090909092	0.009090909090909092	0.009090909090909092	0.009090909090909092	0.009090909090909092	0.009090909090909092	0.009090909090909092
56	56	0.08076923076923077	0.0038461538461538464	0.25384615384615383	0.04230769230769231	0.0038461538461538464	0.0038461538461538464	0.0038461538461538464	0.04230769230769231	0.1769230769230769	0.0038461538461538464	0.0038461538461538464	0.0038461538461538464	0.04230769230769231	0.1	0.0038461538461538464	0.0038461538461538464	0.0038461538461538464	0.0038461538461538464	0.06153846153846154	0.0038461538461538464	0.04230769230769231	0.0038461538461538464	0.0038461538461538464	0.1	0.0038461538461538464
57	57	0.04888888888888889	0.42666666666666664	0.0044444444444444444	0.0044444444444444444	0.0044444444444444444	0.0044444444444444444	0.0044444444444444444	0.026666666666666665	0.0044444444444444444	0.0044444444444444444	0.0044444444444444444	0.0044444444444444444	0.11555555555555556	0.026666666666666665	0.09333333333333334	0.026666666666666665	0.0044444444444444444	0.07111111111111111	0.0044444444444444444	0.026666666666666665	0.07111111111111111	0.0044444444444444444	0.0044444444444444444	0.0044444444444444444	0.0044444444444444444
58	58	0.05714285714285715	0.34285714285714286	0.0035714285714285718	0.0035714285714285718	0.0035714285714285718	0.05714285714285715	0.03928571428571429	0.0035714285714285718	0.0035714285714285718	0.0035714285714285718	0.0035714285714285718	0.02142857142857143	0.0035714285714285718	0.0035714285714285718	0.05714285714285715	0.0035714285714285718	0.0035714285714285718	0.1285714285714286	0.0035714285714285718	0.05714285714285715	0.1464285714285714	0.03928571428571429	0.0035714285714285718	0.0035714285714285718	0.0035714285714285718
59	59	0.005405405405405406	0.005405405405405406	0.005405405405405406	0.2216216216216216	0.005405405405405406	0.005405405405405406	0.005405405405405406	0.032432432432432434	0.005405405405405406	0.005405405405405406	0.005405405405405406	0.05945945945945946	0.16756756756756758	0.005405405405405406	0.11351351351351352	0.005405405405405406	0.11351351351351352	0.005405405405405406	0.005405405405405406	0.005405405405405406	0.005405405405405406	0.005405405405405406	0.005405405405405406	0.005405405405405406	0.1945945945945946
60	60	0.00425531914893617	0.15319148936170213	0.15319148936170213	0.00425531914893617	0.00425531914893617	0.00425531914893617	0.00425531914893617	0.02553191489361702	0.00425531914893617	0.02553191489361702	0.17446808510638295	0.00425531914893617	0.00425531914893617	0.23829787234042552	0.00425531914893617	0.00425531914893617	0.02553191489361702	0.02553191489361702	0.00425531914893617	0.06808510638297872	0.00425531914893617	0.00425531914893617	0.00425531914893617	0.00425531914893617	0.04680851063829788
61	61	0.005405405405405406	0.005405405405405406	0.16756756756756758	0.08648648648648649	0.005405405405405406	0.005405405405405406	0.005405405405405406	0.14054054054054055	0.032432432432432434	0.032432432432432434	0.032432432432432434	0.005405405405405406	0.005405405405405406	0.005405405405405406	0.005405405405405406	0.005405405405405406	0.005405405405405406	0.1945945945945946	0.005405405405405406	0.032432432432432434	0.005405405405405406	0.005405405405405406	0.005405405405405406	0.005405405405405406	0.1945945945945946
62	62	0.0071428571428571435	0.2928571428571428	0.0071428571428571435	0.07857142857142858	0.0071428571428571435	0.04285714285714286	0.0071428571428571435	0.0071428571428571435	0.0071428571428571435	0.07857142857142858	0.0071428571428571435	0.0071428571428571435	0.1142857142857143	0.0071428571428571435	0.0071428571428571435	0.04285714285714286	0.0071428571428571435	0.04285714285714286	0.0071428571428571435	0.0071428571428571435	0.15	0.0071428571428571435	0.0071428571428571435	0.04285714285714286	0.0071428571428571435
63	63	0.03428571428571429	0.005714285714285714	0.09142857142857143	0.005714285714285714	0.03428571428571429	0.03428571428571429	0.005714285714285714	0.005714285714285714	0.005714285714285714	0.03428571428571429	0.12000000000000001	0.005714285714285714	0.005714285714285714	0.3771428571428571	0.005714285714285714	0.005714285714285714	0.005714285714285714	0.03428571428571429	0.005714285714285714	0.005714285714285714	0.005714285714285714	0.005714285714285714	0.06285714285714286	0.09142857142857143	0.005714285714285714
64	64	0.006060606060606061	0.006060606060606061	0.06666666666666667	0.1878787878787879	0.006060606060606061	0.006060606060606061	0.06666666666666667	0.006060606060606061	0.03636363636363636	0.1272727272727273	0.1575757575757576	0.006060606060606061	0.006060606060606061	0.006060606060606061	0.006060606060606061	0.03636363636363636	0.006060606060606061	0.006060606060606061	0.1272727272727273	0.006060606060606061	0.006060606060606061	0.06666666666666667	0.03636363636363636	0.006060606060606061	0.006060606060606061
65	65	0.03529411764705882	0.12352941176470589	0.0058823529411764705	0.0058823529411764705	0.06470588235294118	0.0058823529411764705	0.0058823529411764705	0.32941176470588235	0.0058823529411764705	0.03529411764705882	0.0058823529411764705	0.0058823529411764705	0.24117647058823527	0.03529411764705882	0.0058823529411764705	0.0058823529411764705	0.0058823529411764705	0.0058823529411764705	0.0058823529411764705	0.0058823529411764705	0.0058823529411764705	0.0058823529411764705	0.0058823529411764705	0.03529411764705882	0.0058823529411764705
66	66	0.007692307692307693	0.46923076923076923	0.04615384615384615	0.007692307692307693	0.007692307692307693	0.007692307692307693	0.007692307692307693	0.007692307692307693	0.007692307692307693	0.007692307692307693	0.007692307692307693	0.007692307692307693	0.007692307692307693	0.007692307692307693	0.04615384615384615	0.2	0.007692307692307693	0.007692307692307693	0.08461538461538462	0.007692307692307693	0.007692307692307693	0.007692307692307693	0.007692307692307693	0.007692307692307693	0.007692307692307693
67	67	0.003448275862068966	0.19310344827586207	0.020689655172413793	0.055172413793103454	0.03793103448275863	0.003448275862068966	0.003448275862068966	0.24482758620689654	0.003448275862068966	0.003448275862068966	0.3310344827586207	0.003448275862068966	0.020689655172413793	0.003448275862068966	0.003448275862068966	0.003448275862068966	0.003448275862068966	0.020689655172413793	0.003448275862068966	0.003448275862068966	0.020689655172413793	0.003448275862068966	0.003448275862068966	0.003448275862068966	0.003448275862068966
68	68	0.05454545454545454	0.23636363636363636	0.009090909090909092	0.05454545454545454	0.009090909090909092	0.009090909090909092	0.009090909090909092	0.009090909090909092	0.009090909090909092	0.009090909090909092	0.009090909090909092	0.009090909090909092	0.009090909090909092	0.009090909090909092	0.009090909090909092	0.009090909090909092	0.009090909090909092	0.2818181818181818	0.009090909090909092	0.009090909090909092	0.14545454545454548	0.009090909090909092	0.009090909090909092	0.05454545454545454	0.009090909090909092
69	69	0.16399999999999998	0.024	0.004	0.004	0.004	0.044000000000000004	0.024	0.004	0.044000000000000004	0.004	0.084	0.004	0.004	0.044000000000000004	0.004	0.16399999999999998	0.004	0.10400000000000001	0.004	0.004	0.004	0.004	0.024	0.004	0.22399999999999998
70	70	0.051162790697674425	0.07441860465116279	0.21395348837209302	0.26046511627906976	0.004651162790697674	0.004651162790697674	0.004651162790697674	0.004651162790697674	0.004651162790697674	0.004651162790697674	0.004651162790697674	0.004651162790697674	0.051162790697674425	0.027906976744186046	0.004651162790697674	0.004651162790697674	0.004651162790697674	0.027906976744186046	0.004651162790697674	0.14418604651162792	0.004651162790697674	0.004651162790697674	0.004651162790697674	0.004651162790697674	0.07441860465116279
71	71	0.007692307692307693	0.007692307692307693	0.007692307692307693	0.007692307692307693	0.08461538461538462	0.08461538461538462	0.007692307692307693	0.007692307692307693	0.007692307692307693	0.08461538461538462	0.007692307692307693	0.04615384615384615	0.04615384615384615	0.007692307692307693	0.007692307692307693	0.007692307692307693	0.27692307692307694	0.007692307692307693	0.007692307692307693	0.007692307692307693	0.007692307692307693	0.23846153846153847	0.007692307692307693	0.007692307692307693	0.007692307692307693
72	72	0.2285714285714286	0.014285714285714287	0.014285714285714287	0.014285714285714287	0.014285714285714287	0.2285714285714286	0.08571428571428572	0.014285714285714287	0.014285714285714287	0.014285714285714287	0.014285714285714287	0.08571428571428572	0.014285714285714287	0.014285714285714287	0.014285714285714287	0.014285714285714287	0.014285714285714287	0.014285714285714287	0.014285714285714287	0.014285714285714287	0.014285714285714287	0.014285714285714287	0.08571428571428572	0.014285714285714287	0.014285714285714287
73	73	0.0017094017094017094	0.08717948717948718	0.0017094017094017094	0.13846153846153847	0.0017094017094017094	0.18974358974358974	0.0017094017094017094	0.0017094017094017094	0.044444444444444446	0.0017094017094017094	0.0017094017094017094	0.4205128205128205	0.0017094017094017094	0.0017094017094017094	0.0017094017094017094	0.0358974358974359	0.0017094017094017094	0.0017094017094017094	0.0017094017094017094	0.0017094017094017094	0.0358974358974359	0.0017094017094017094	0.0017094017094017094	0.010256410256410256	0.010256410256410256
74	74	0.015789473684210527	0.002631578947368421	0.002631578947368421	0.002631578947368421	0.002631578947368421	0.05526315789473685	0.002631578947368421	0.015789473684210527	0.002631578947368421	0.002631578947368421	0.002631578947368421	0.002631578947368421	0.002631578947368421	0.33157894736842103	0.028947368421052635	0.002631578947368421	0.2263157894736842	0.06842105263157895	0.002631578947368421	0.002631578947368421	0.002631578947368421	0.002631578947368421	0.14736842105263157	0.015789473684210527	0.05526315789473685
75	75	0.005263157894736842	0.005263157894736842	0.005263157894736842	0.005263157894736842	0.005263157894736842	0.005263157894736842	0.005263157894736842	0.005263157894736842	0.26842105263157895	0.005263157894736842	0.1105263157894737	0.005263157894736842	0.005263157894736842	0.2421052631578947	0.031578947368421054	0.005263157894736842	0.031578947368421054	0.005263157894736842	0.005263157894736842	0.005263157894736842	0.005263157894736842	0.005263157894736842	0.005263157894736842	0.005263157894736842	0.2157894736842105
76	76	0.005128205128205128	0.005128205128205128	0.005128205128205128	0.005128205128205128	0.005128205128205128	0.005128205128205128	0.005128205128205128	0.005128205128205128	0.005128205128205128	0.005128205128205128	0.005128205128205128	0.030769230769230767	0.005128205128205128	0.13333333333333333	0.005128205128205128	0.005128205128205128	0.441025641025641	0.08205128205128205	0.005128205128205128	0.005128205128205128	0.005128205128205128	0.030769230769230767	0.005128205128205128	0.18461538461538463	0.005128205128205128
77	77	0.07333333333333333	0.07333333333333333	0.006666666666666667	0.04	0.006666666666666667	0.07333333333333333	0.006666666666666667	0.006666666666666667	0.006666666666666667	0.006666666666666667	0.006666666666666667	0.04	0.07333333333333333	0.006666666666666667	0.006666666666666667	0.10666666666666667	0.006666666666666667	0.17333333333333334	0.006666666666666667	0.10666666666666667	0.006666666666666667	0.006666666666666667	0.10666666666666667	0.006666666666666667	0.04
78	78	0.011111111111111112	0.011111111111111112	0.011111111111111112	0.011111111111111112	0.011111111111111112	0.011111111111111112	0.06666666666666667	0.011111111111111112	0.011111111111111112	0.011111111111111112	0.34444444444444444	0.011111111111111112	0.06666666666666667	0.17777777777777778	0.011111111111111112	0.011111111111111112	0.011111111111111112	0.011111111111111112	0.011111111111111112	0.011111111111111112	0.011111111111111112	0.011111111111111112	0.011111111111111112	0.011111111111111112	0.12222222222222223
79	79	0.0035087719298245615	0.0736842105263158	0.0035087719298245615	0.21403508771929824	0.0035087719298245615	0.23157894736842105	0.0736842105263158	0.10877192982456141	0.03859649122807018	0.056140350877192984	0.0035087719298245615	0.0035087719298245615	0.0035087719298245615	0.0035087719298245615	0.021052631578947368	0.0035087719298245615	0.0035087719298245615	0.0035087719298245615	0.0035087719298245615	0.0035087719298245615	0.0035087719298245615	0.0736842105263158	0.021052631578947368	0.0035087719298245615	0.03859649122807018
80	80	0.0071428571428571435	0.0071428571428571435	0.0071428571428571435	0.0071428571428571435	0.0071428571428571435	0.0071428571428571435	0.0071428571428571435	0.0071428571428571435	0.0071428571428571435	0.0071428571428571435	0.04285714285714286	0.0071428571428571435	0.0071428571428571435	0.39999999999999997	0.0071428571428571435	0.0071428571428571435	0.1142857142857143	0.0071428571428571435	0.0071428571428571435	0.0071428571428571435	0.07857142857142858	0.0071428571428571435	0.0071428571428571435	0.1142857142857143	0.1142857142857143
