0	0	0.3382352941176471	0.10294117647058823	0.004901960784313725	0.024509803921568627	0.004901960784313725	0.004901960784313725	0.004901960784313725	0.18137254901960784	0.024509803921568627	0.024509803921568627	0.004901960784313725	0.004901960784313725	0.024509803921568627	0.004901960784313725	0.024509803921568627	0.004901960784313725	0.004901960784313725	0.06372549019607843	0.08333333333333333	0.06372549019607843
1	1	0.006756756756756757	0.08783783783783784	0.006756756756756757	0.006756756756756757	0.006756756756756757	0.033783783783783786	0.006756756756756757	0.006756756756756757	0.033783783783783786	0.006756756756756757	0.27702702702702703	0.006756756756756757	0.14189189189189189	0.006756756756756757	0.006756756756756757	0.11486486486486487	0.08783783783783784	0.033783783783783786	0.006756756756756757	0.11486486486486487
2	2	0.07386363636363637	0.005681818181818182	0.07386363636363637	0.028409090909090908	0.005681818181818182	0.005681818181818182	0.09659090909090909	0.2556818181818182	0.005681818181818182	0.005681818181818182	0.05113636363636364	0.05113636363636364	0.005681818181818182	0.005681818181818182	0.09659090909090909	0.005681818181818182	0.005681818181818182	0.005681818181818182	0.14204545454545456	0.07386363636363637
3	3	0.010416666666666666	0.17708333333333334	0.052083333333333336	0.010416666666666666	0.010416666666666666	0.010416666666666666	0.010416666666666666	0.010416666666666666	0.010416666666666666	0.010416666666666666	0.010416666666666666	0.010416666666666666	0.010416666666666666	0.010416666666666666	0.21875	0.13541666666666666	0.2604166666666667	0.010416666666666666	0.010416666666666666	0.010416666666666666
4	4	0.005434782608695652	0.02717391304347826	0.005434782608695652	0.005434782608695652	0.09239130434782608	0.005434782608695652	0.005434782608695652	0.02717391304347826	0.005434782608695652	0.02717391304347826	0.02717391304347826	0.005434782608695652	0.005434782608695652	0.07065217391304347	0.3967391304347826	0.005434782608695652	0.005434782608695652	0.1358695652173913	0.1358695652173913	0.005434782608695652
5	5	0.10625	0.15625	0.05625	0.00625	0.13125	0.00625	0.10625	0.00625	0.05625	0.00625	0.00625	0.05625	0.23125	0.00625	0.00625	0.00625	0.00625	0.03125	0.00625	0.00625
6	6	0.007575757575757576	0.007575757575757576	0.06818181818181818	0.06818181818181818	0.06818181818181818	0.007575757575757576	0.06818181818181818	0.007575757575757576	0.1590909090909091	0.007575757575757576	0.06818181818181818	0.1893939393939394	0.007575757575757576	0.007575757575757576	0.007575757575757576	0.03787878787878788	0.03787878787878788	0.007575757575757576	0.007575757575757576	0.1590909090909091
7	7	0.010869565217391304	0.05434782608695652	0.010869565217391304	0.010869565217391304	0.010869565217391304	0.09782608695652174	0.05434782608695652	0.010869565217391304	0.09782608695652174	0.010869565217391304	0.010869565217391304	0.010869565217391304	0.010869565217391304	0.05434782608695652	0.010869565217391304	0.2717391304347826	0.09782608695652174	0.010869565217391304	0.14130434782608695	0.010869565217391304
8	8	0.03289473684210526	0.03289473684210526	0.006578947368421052	0.006578947368421052	0.006578947368421052	0.03289473684210526	0.006578947368421052	0.03289473684210526	0.006578947368421052	0.21710526315789475	0.006578947368421052	0.1118421052631579	0.006578947368421052	0.006578947368421052	0.19078947368421054	0.006578947368421052	0.03289473684210526	0.1118421052631579	0.13815789473684212	0.006578947368421052
9	9	0.033783783783783786	0.16891891891891891	0.006756756756756757	0.060810810810810814	0.006756756756756757	0.006756756756756757	0.033783783783783786	0.3310810810810811	0.033783783783783786	0.006756756756756757	0.006756756756756757	0.19594594594594594	0.006756756756756757	0.033783783783783786	0.006756756756756757	0.033783783783783786	0.006756756756756757	0.006756756756756757	0.006756756756756757	0.006756756756756757
10	10	0.006944444444444444	0.14583333333333334	0.006944444444444444	0.006944444444444444	0.09027777777777778	0.006944444444444444	0.22916666666666666	0.034722222222222224	0.006944444444444444	0.006944444444444444	0.0625	0.034722222222222224	0.0625	0.006944444444444444	0.0625	0.006944444444444444	0.006944444444444444	0.006944444444444444	0.006944444444444444	0.2013888888888889
11	11	0.014705882352941176	0.014705882352941176	0.014705882352941176	0.014705882352941176	0.014705882352941176	0.4264705882352941	0.014705882352941176	0.014705882352941176	0.014705882352941176	0.07352941176470588	0.014705882352941176	0.014705882352941176	0.014705882352941176	0.014705882352941176	0.014705882352941176	0.19117647058823528	0.07352941176470588	0.014705882352941176	0.014705882352941176	0.014705882352941176
12	12	0.07386363636363637	0.2784090909090909	0.05113636363636364	0.005681818181818182	0.005681818181818182	0.028409090909090908	0.05113636363636364	0.21022727272727273	0.005681818181818182	0.005681818181818182	0.005681818181818182	0.005681818181818182	0.14204545454545456	0.005681818181818182	0.005681818181818182	0.005681818181818182	0.028409090909090908	0.005681818181818182	0.07386363636363637	0.005681818181818182
13	13	0.09848484848484848	0.007575757575757576	0.007575757575757576	0.007575757575757576	0.06818181818181818	0.007575757575757576	0.007575757575757576	0.007575757575757576	0.007575757575757576	0.1893939393939394	0.007575757575757576	0.2196969696969697	0.007575757575757576	0.007575757575757576	0.007575757575757576	0.1590909090909091	0.1590909090909091	0.007575757575757576	0.007575757575757576	0.007575757575757576
14	14	0.044642857142857144	0.008928571428571428	0.25892857142857145	0.008928571428571428	0.15178571428571427	0.008928571428571428	0.008928571428571428	0.008928571428571428	0.008928571428571428	0.008928571428571428	0.008928571428571428	0.11607142857142858	0.008928571428571428	0.008928571428571428	0.044642857142857144	0.008928571428571428	0.008928571428571428	0.008928571428571428	0.08035714285714286	0.1875
15	15	0.00625	0.03125	0.00625	0.00625	0.00625	0.03125	0.00625	0.03125	0.08125	0.30625	0.13125	0.10625	0.00625	0.03125	0.00625	0.08125	0.00625	0.00625	0.10625	0.00625
16	16	0.0078125	0.0078125	0.0078125	0.1640625	0.0078125	0.0078125	0.0078125	0.0078125	0.0078125	0.3515625	0.1015625	0.0703125	0.0390625	0.0078125	0.0703125	0.0078125	0.0390625	0.0390625	0.0390625	0.0078125
17	17	0.005555555555555556	0.005555555555555556	0.09444444444444444	0.005555555555555556	0.027777777777777776	0.005555555555555556	0.07222222222222222	0.005555555555555556	0.07222222222222222	0.49444444444444446	0.005555555555555556	0.005555555555555556	0.16111111111111112	0.005555555555555556	0.005555555555555556	0.005555555555555556	0.005555555555555556	0.005555555555555556	0.005555555555555556	0.005555555555555556
18	18	0.020833333333333332	0.020833333333333332	0.020833333333333332	0.2708333333333333	0.020833333333333332	0.020833333333333332	0.020833333333333332	0.020833333333333332	0.020833333333333332	0.020833333333333332	0.020833333333333332	0.020833333333333332	0.020833333333333332	0.020833333333333332	0.020833333333333332	0.020833333333333332	0.020833333333333332	0.3541666666666667	0.020833333333333332	0.020833333333333332
19	19	0.008064516129032258	0.008064516129032258	0.008064516129032258	0.008064516129032258	0.10483870967741936	0.008064516129032258	0.008064516129032258	0.008064516129032258	0.008064516129032258	0.5564516129032258	0.008064516129032258	0.008064516129032258	0.008064516129032258	0.04032258064516129	0.008064516129032258	0.13709677419354838	0.008064516129032258	0.008064516129032258	0.04032258064516129	0.008064516129032258
20	20	0.010869565217391304	0.010869565217391304	0.010869565217391304	0.010869565217391304	0.18478260869565216	0.010869565217391304	0.05434782608695652	0.010869565217391304	0.010869565217391304	0.358695652173913	0.010869565217391304	0.010869565217391304	0.05434782608695652	0.010869565217391304	0.010869565217391304	0.18478260869565216	0.010869565217391304	0.010869565217391304	0.010869565217391304	0.010869565217391304
21	21	0.05	0.01	0.01	0.21	0.01	0.01	0.05	0.13	0.01	0.01	0.13	0.01	0.01	0.01	0.05	0.01	0.01	0.17	0.01	0.09
22	22	0.04807692307692308	0.009615384615384616	0.04807692307692308	0.04807692307692308	0.009615384615384616	0.009615384615384616	0.009615384615384616	0.009615384615384616	0.04807692307692308	0.16346153846153846	0.04807692307692308	0.27884615384615385	0.009615384615384616	0.125	0.04807692307692308	0.009615384615384616	0.009615384615384616	0.04807692307692308	0.009615384615384616	0.009615384615384616
23	23	0.00625	0.03125	0.00625	0.00625	0.00625	0.00625	0.08125	0.03125	0.00625	0.00625	0.05625	0.30625	0.00625	0.38125	0.00625	0.00625	0.03125	0.00625	0.00625	0.00625
24	24	0.04891304347826087	0.005434782608695652	0.005434782608695652	0.005434782608695652	0.005434782608695652	0.005434782608695652	0.02717391304347826	0.005434782608695652	0.02717391304347826	0.005434782608695652	0.005434782608695652	0.07065217391304347	0.005434782608695652	0.005434782608695652	0.22282608695652173	0.005434782608695652	0.11413043478260869	0.04891304347826087	0.09239130434782608	0.28804347826086957
25	25	0.005434782608695652	0.005434782608695652	0.04891304347826087	0.11413043478260869	0.02717391304347826	0.005434782608695652	0.005434782608695652	0.005434782608695652	0.005434782608695652	0.22282608695652173	0.04891304347826087	0.09239130434782608	0.005434782608695652	0.04891304347826087	0.07065217391304347	0.22282608695652173	0.005434782608695652	0.02717391304347826	0.005434782608695652	0.02717391304347826
26	26	0.007352941176470588	0.007352941176470588	0.007352941176470588	0.0661764705882353	0.007352941176470588	0.15441176470588236	0.007352941176470588	0.007352941176470588	0.03676470588235294	0.007352941176470588	0.03676470588235294	0.007352941176470588	0.03676470588235294	0.007352941176470588	0.41911764705882354	0.09558823529411764	0.0661764705882353	0.007352941176470588	0.007352941176470588	0.007352941176470588
27	27	0.02403846153846154	0.10096153846153846	0.004807692307692308	0.0625	0.08173076923076923	0.02403846153846154	0.004807692307692308	0.004807692307692308	0.02403846153846154	0.2548076923076923	0.04326923076923077	0.08173076923076923	0.02403846153846154	0.004807692307692308	0.04326923076923077	0.08173076923076923	0.0625	0.004807692307692308	0.0625	0.004807692307692308
28	28	0.016666666666666666	0.08333333333333333	0.016666666666666666	0.016666666666666666	0.016666666666666666	0.55	0.016666666666666666	0.016666666666666666	0.016666666666666666	0.016666666666666666	0.08333333333333333	0.016666666666666666	0.016666666666666666	0.016666666666666666	0.016666666666666666	0.016666666666666666	0.016666666666666666	0.016666666666666666	0.016666666666666666	0.016666666666666666
29	29	0.011904761904761904	0.05952380952380952	0.011904761904761904	0.10714285714285714	0.011904761904761904	0.011904761904761904	0.011904761904761904	0.011904761904761904	0.011904761904761904	0.011904761904761904	0.011904761904761904	0.05952380952380952	0.15476190476190477	0.011904761904761904	0.011904761904761904	0.011904761904761904	0.011904761904761904	0.05952380952380952	0.39285714285714285	0.011904761904761904
30	30	0.00641025641025641	0.00641025641025641	0.00641025641025641	0.00641025641025641	0.00641025641025641	0.00641025641025641	0.00641025641025641	0.00641025641025641	0.00641025641025641	0.1858974358974359	0.00641025641025641	0.08333333333333333	0.00641025641025641	0.21153846153846154	0.00641025641025641	0.08333333333333333	0.00641025641025641	0.08333333333333333	0.26282051282051283	0.00641025641025641
31	31	0.052083333333333336	0.010416666666666666	0.010416666666666666	0.010416666666666666	0.010416666666666666	0.010416666666666666	0.09375	0.010416666666666666	0.010416666666666666	0.052083333333333336	0.010416666666666666	0.010416666666666666	0.010416666666666666	0.13541666666666666	0.010416666666666666	0.010416666666666666	0.052083333333333336	0.052083333333333336	0.052083333333333336	0.3854166666666667
32	32	0.007352941176470588	0.007352941176470588	0.007352941176470588	0.09558823529411764	0.007352941176470588	0.007352941176470588	0.03676470588235294	0.03676470588235294	0.007352941176470588	0.2426470588235294	0.3014705882352941	0.007352941176470588	0.007352941176470588	0.03676470588235294	0.0661764705882353	0.007352941176470588	0.0661764705882353	0.007352941176470588	0.007352941176470588	0.03676470588235294
33	33	0.010869565217391304	0.14130434782608695	0.010869565217391304	0.010869565217391304	0.010869565217391304	0.09782608695652174	0.010869565217391304	0.010869565217391304	0.010869565217391304	0.14130434782608695	0.010869565217391304	0.010869565217391304	0.22826086956521738	0.05434782608695652	0.05434782608695652	0.05434782608695652	0.09782608695652174	0.010869565217391304	0.010869565217391304	0.010869565217391304
34	34	0.008333333333333333	0.041666666666666664	0.075	0.008333333333333333	0.041666666666666664	0.008333333333333333	0.041666666666666664	0.008333333333333333	0.041666666666666664	0.008333333333333333	0.041666666666666664	0.008333333333333333	0.30833333333333335	0.008333333333333333	0.20833333333333334	0.008333333333333333	0.10833333333333334	0.008333333333333333	0.008333333333333333	0.008333333333333333
35	35	0.475	0.008333333333333333	0.008333333333333333	0.20833333333333334	0.008333333333333333	0.008333333333333333	0.008333333333333333	0.008333333333333333	0.041666666666666664	0.008333333333333333	0.008333333333333333	0.008333333333333333	0.041666666666666664	0.008333333333333333	0.041666666666666664	0.008333333333333333	0.008333333333333333	0.008333333333333333	0.041666666666666664	0.041666666666666664
36	36	0.009259259259259259	0.009259259259259259	0.009259259259259259	0.009259259259259259	0.08333333333333333	0.009259259259259259	0.009259259259259259	0.046296296296296294	0.009259259259259259	0.12037037037037036	0.009259259259259259	0.046296296296296294	0.12037037037037036	0.009259259259259259	0.009259259259259259	0.08333333333333333	0.12037037037037036	0.009259259259259259	0.1574074074074074	0.12037037037037036
37	37	0.03571428571428571	0.03571428571428571	0.17857142857142858	0.03571428571428571	0.03571428571428571	0.03571428571428571	0.03571428571428571	0.03571428571428571	0.03571428571428571	0.03571428571428571	0.03571428571428571	0.03571428571428571	0.03571428571428571	0.03571428571428571	0.03571428571428571	0.03571428571428571	0.03571428571428571	0.17857142857142858	0.03571428571428571	0.03571428571428571
38	38	0.057692307692307696	0.1858974358974359	0.00641025641025641	0.00641025641025641	0.00641025641025641	0.00641025641025641	0.00641025641025641	0.00641025641025641	0.00641025641025641	0.00641025641025641	0.10897435897435898	0.057692307692307696	0.08333333333333333	0.00641025641025641	0.03205128205128205	0.08333333333333333	0.00641025641025641	0.3141025641025641	0.00641025641025641	0.00641025641025641
39	39	0.09615384615384616	0.019230769230769232	0.019230769230769232	0.019230769230769232	0.019230769230769232	0.17307692307692307	0.019230769230769232	0.019230769230769232	0.019230769230769232	0.019230769230769232	0.09615384615384616	0.019230769230769232	0.019230769230769232	0.09615384615384616	0.25	0.019230769230769232	0.019230769230769232	0.019230769230769232	0.019230769230769232	0.019230769230769232
40	40	0.05434782608695652	0.44565217391304346	0.010869565217391304	0.010869565217391304	0.09782608695652174	0.010869565217391304	0.010869565217391304	0.010869565217391304	0.010869565217391304	0.010869565217391304	0.010869565217391304	0.010869565217391304	0.010869565217391304	0.010869565217391304	0.010869565217391304	0.010869565217391304	0.010869565217391304	0.14130434782608695	0.09782608695652174	0.010869565217391304
41	41	0.03048780487804878	0.39634146341463417	0.006097560975609756	0.006097560975609756	0.006097560975609756	0.006097560975609756	0.006097560975609756	0.006097560975609756	0.006097560975609756	0.22560975609756098	0.006097560975609756	0.054878048780487805	0.006097560975609756	0.10365853658536585	0.006097560975609756	0.07926829268292683	0.006097560975609756	0.006097560975609756	0.006097560975609756	0.03048780487804878
42	42	0.007142857142857143	0.03571428571428571	0.007142857142857143	0.007142857142857143	0.007142857142857143	0.007142857142857143	0.09285714285714286	0.40714285714285714	0.007142857142857143	0.20714285714285716	0.007142857142857143	0.007142857142857143	0.03571428571428571	0.06428571428571428	0.007142857142857143	0.007142857142857143	0.06428571428571428	0.007142857142857143	0.007142857142857143	0.007142857142857143
43	43	0.007352941176470588	0.03676470588235294	0.007352941176470588	0.007352941176470588	0.007352941176470588	0.007352941176470588	0.27205882352941174	0.007352941176470588	0.007352941176470588	0.2426470588235294	0.007352941176470588	0.15441176470588236	0.007352941176470588	0.007352941176470588	0.007352941176470588	0.007352941176470588	0.007352941176470588	0.007352941176470588	0.007352941176470588	0.18382352941176472
44	44	0.006756756756756757	0.006756756756756757	0.16891891891891891	0.006756756756756757	0.033783783783783786	0.11486486486486487	0.060810810810810814	0.006756756756756757	0.006756756756756757	0.033783783783783786	0.006756756756756757	0.033783783783783786	0.006756756756756757	0.006756756756756757	0.006756756756756757	0.19594594594594594	0.033783783783783786	0.006756756756756757	0.16891891891891891	0.08783783783783784
45	45	0.004629629629629629	0.4675925925925926	0.004629629629629629	0.004629629629629629	0.041666666666666664	0.004629629629629629	0.06018518518518518	0.06018518518518518	0.004629629629629629	0.004629629629629629	0.004629629629629629	0.0787037037037037	0.004629629629629629	0.004629629629629629	0.20833333333333334	0.004629629629629629	0.004629629629629629	0.004629629629629629	0.023148148148148147	0.004629629629629629
46	46	0.007142857142857143	0.007142857142857143	0.007142857142857143	0.007142857142857143	0.007142857142857143	0.75	0.007142857142857143	0.007142857142857143	0.007142857142857143	0.007142857142857143	0.007142857142857143	0.007142857142857143	0.09285714285714286	0.007142857142857143	0.007142857142857143	0.007142857142857143	0.007142857142857143	0.007142857142857143	0.007142857142857143	0.03571428571428571
47	47	0.008928571428571428	0.008928571428571428	0.008928571428571428	0.008928571428571428	0.1875	0.008928571428571428	0.25892857142857145	0.008928571428571428	0.044642857142857144	0.008928571428571428	0.008928571428571428	0.08035714285714286	0.25892857142857145	0.008928571428571428	0.008928571428571428	0.008928571428571428	0.008928571428571428	0.008928571428571428	0.044642857142857144	0.008928571428571428
48	48	0.006756756756756757	0.060810810810810814	0.006756756756756757	0.22297297297297297	0.006756756756756757	0.006756756756756757	0.006756756756756757	0.006756756756756757	0.006756756756756757	0.08783783783783784	0.006756756756756757	0.11486486486486487	0.27702702702702703	0.006756756756756757	0.006756756756756757	0.006756756756756757	0.08783783783783784	0.033783783783783786	0.033783783783783786	0.006756756756756757
49	49	0.03571428571428571	0.03571428571428571	0.03571428571428571	0.03571428571428571	0.03571428571428571	0.17857142857142858	0.03571428571428571	0.03571428571428571	0.03571428571428571	0.17857142857142858	0.03571428571428571	0.03571428571428571	0.03571428571428571	0.03571428571428571	0.03571428571428571	0.03571428571428571	0.03571428571428571	0.03571428571428571	0.03571428571428571	0.03571428571428571
50	50	0.01	0.01	0.01	0.01	0.01	0.01	0.17	0.01	0.01	0.01	0.01	0.21	0.01	0.01	0.17	0.01	0.01	0.01	0.01	0.29
51	51	0.013888888888888888	0.2361111111111111	0.013888888888888888	0.18055555555555555	0.125	0.013888888888888888	0.06944444444444445	0.013888888888888888	0.013888888888888888	0.013888888888888888	0.06944444444444445	0.013888888888888888	0.013888888888888888	0.013888888888888888	0.06944444444444445	0.06944444444444445	0.013888888888888888	0.013888888888888888	0.013888888888888888	0.013888888888888888
52	52	0.0125	0.0125	0.0125	0.2125	0.0125	0.0125	0.0125	0.0625	0.1125	0.2625	0.0125	0.0125	0.1625	0.0125	0.0125	0.0125	0.0125	0.0125	0.0125	0.0125
53	53	0.007575757575757576	0.03787878787878788	0.03787878787878788	0.007575757575757576	0.12878787878787878	0.007575757575757576	0.007575757575757576	0.007575757575757576	0.03787878787878788	0.1590909090909091	0.007575757575757576	0.12878787878787878	0.03787878787878788	0.007575757575757576	0.09848484848484848	0.03787878787878788	0.09848484848484848	0.12878787878787878	0.007575757575757576	0.007575757575757576
54	54	0.00641025641025641	0.00641025641025641	0.00641025641025641	0.00641025641025641	0.00641025641025641	0.00641025641025641	0.00641025641025641	0.00641025641025641	0.00641025641025641	0.00641025641025641	0.00641025641025641	0.5448717948717948	0.00641025641025641	0.10897435897435898	0.1858974358974359	0.00641025641025641	0.03205128205128205	0.03205128205128205	0.00641025641025641	0.00641025641025641
55	55	0.011363636363636364	0.011363636363636364	0.011363636363636364	0.011363636363636364	0.011363636363636364	0.2840909090909091	0.011363636363636364	0.011363636363636364	0.011363636363636364	0.10227272727272728	0.2840909090909091	0.011363636363636364	0.011363636363636364	0.056818181818181816	0.056818181818181816	0.011363636363636364	0.056818181818181816	0.011363636363636364	0.011363636363636364	0.011363636363636364
56	56	0.004807692307692308	0.004807692307692308	0.004807692307692308	0.004807692307692308	0.004807692307692308	0.04326923076923077	0.004807692307692308	0.3317307692307692	0.04326923076923077	0.004807692307692308	0.04326923076923077	0.004807692307692308	0.1201923076923077	0.004807692307692308	0.2932692307692308	0.0625	0.004807692307692308	0.004807692307692308	0.004807692307692308	0.004807692307692308
57	57	0.005555555555555556	0.11666666666666667	0.027777777777777776	0.005555555555555556	0.09444444444444444	0.027777777777777776	0.027777777777777776	0.005555555555555556	0.005555555555555556	0.49444444444444446	0.005555555555555556	0.05	0.005555555555555556	0.005555555555555556	0.027777777777777776	0.005555555555555556	0.027777777777777776	0.005555555555555556	0.05	0.005555555555555556
58	58	0.04017857142857143	0.004464285714285714	0.004464285714285714	0.022321428571428572	0.022321428571428572	0.004464285714285714	0.07589285714285714	0.004464285714285714	0.022321428571428572	0.45089285714285715	0.12946428571428573	0.004464285714285714	0.022321428571428572	0.004464285714285714	0.022321428571428572	0.05803571428571429	0.004464285714285714	0.004464285714285714	0.022321428571428572	0.07589285714285714
59	59	0.033783783783783786	0.006756756756756757	0.033783783783783786	0.006756756756756757	0.08783783783783784	0.006756756756756757	0.033783783783783786	0.19594594594594594	0.033783783783783786	0.006756756756756757	0.006756756756756757	0.11486486486486487	0.033783783783783786	0.060810810810810814	0.22297297297297297	0.006756756756756757	0.006756756756756757	0.060810810810810814	0.033783783783783786	0.006756756756756757
60	60	0.09042553191489362	0.026595744680851064	0.047872340425531915	0.19680851063829788	0.005319148936170213	0.06914893617021277	0.005319148936170213	0.005319148936170213	0.026595744680851064	0.13297872340425532	0.005319148936170213	0.005319148936170213	0.005319148936170213	0.005319148936170213	0.11170212765957446	0.21808510638297873	0.005319148936170213	0.026595744680851064	0.005319148936170213	0.005319148936170213
61	61	0.033783783783783786	0.006756756756756757	0.19594594594594594	0.033783783783783786	0.006756756756756757	0.006756756756756757	0.006756756756756757	0.006756756756756757	0.006756756756756757	0.006756756756756757	0.006756756756756757	0.006756756756756757	0.46621621621621623	0.060810810810810814	0.060810810810810814	0.033783783783783786	0.006756756756756757	0.006756756756756757	0.006756756756756757	0.033783783783783786
62	62	0.11607142857142858	0.11607142857142858	0.008928571428571428	0.008928571428571428	0.008928571428571428	0.008928571428571428	0.008928571428571428	0.008928571428571428	0.008928571428571428	0.1875	0.22321428571428573	0.008928571428571428	0.008928571428571428	0.008928571428571428	0.11607142857142858	0.008928571428571428	0.08035714285714286	0.008928571428571428	0.044642857142857144	0.008928571428571428
63	63	0.007142857142857143	0.35	0.007142857142857143	0.007142857142857143	0.06428571428571428	0.007142857142857143	0.007142857142857143	0.007142857142857143	0.007142857142857143	0.007142857142857143	0.007142857142857143	0.007142857142857143	0.09285714285714286	0.007142857142857143	0.03571428571428571	0.20714285714285716	0.007142857142857143	0.06428571428571428	0.007142857142857143	0.09285714285714286
64	64	0.007575757575757576	0.007575757575757576	0.06818181818181818	0.007575757575757576	0.007575757575757576	0.007575757575757576	0.03787878787878788	0.06818181818181818	0.25	0.06818181818181818	0.007575757575757576	0.03787878787878788	0.06818181818181818	0.007575757575757576	0.007575757575757576	0.007575757575757576	0.03787878787878788	0.007575757575757576	0.2803030303030303	0.007575757575757576
65	65	0.03676470588235294	0.03676470588235294	0.03676470588235294	0.007352941176470588	0.03676470588235294	0.09558823529411764	0.007352941176470588	0.007352941176470588	0.007352941176470588	0.125	0.007352941176470588	0.15441176470588236	0.007352941176470588	0.18382352941176472	0.15441176470588236	0.007352941176470588	0.007352941176470588	0.0661764705882353	0.007352941176470588	0.007352941176470588
66	66	0.04807692307692308	0.009615384615384616	0.009615384615384616	0.009615384615384616	0.009615384615384616	0.009615384615384616	0.009615384615384616	0.009615384615384616	0.009615384615384616	0.5096153846153846	0.009615384615384616	0.009615384615384616	0.009615384615384616	0.08653846153846154	0.009615384615384616	0.009615384615384616	0.009615384615384616	0.009615384615384616	0.08653846153846154	0.125
67	67	0.004310344827586207	0.004310344827586207	0.021551724137931036	0.004310344827586207	0.07327586206896551	0.004310344827586207	0.004310344827586207	0.004310344827586207	0.004310344827586207	0.1939655172413793	0.10775862068965517	0.021551724137931036	0.021551724137931036	0.004310344827586207	0.10775862068965517	0.004310344827586207	0.021551724137931036	0.021551724137931036	0.36637931034482757	0.004310344827586207
68	68	0.011363636363636364	0.011363636363636364	0.056818181818181816	0.056818181818181816	0.10227272727272728	0.011363636363636364	0.011363636363636364	0.011363636363636364	0.10227272727272728	0.19318181818181818	0.14772727272727273	0.10227272727272728	0.011363636363636364	0.011363636363636364	0.011363636363636364	0.011363636363636364	0.011363636363636364	0.056818181818181816	0.011363636363636364	0.056818181818181816
69	69	0.005	0.005	0.145	0.085	0.085	0.005	0.005	0.025	0.005	0.065	0.045	0.045	0.005	0.025	0.125	0.005	0.045	0.005	0.005	0.265
70	70	0.14534883720930233	0.005813953488372093	0.1686046511627907	0.029069767441860465	0.0755813953488372	0.005813953488372093	0.005813953488372093	0.005813953488372093	0.005813953488372093	0.14534883720930233	0.005813953488372093	0.005813953488372093	0.005813953488372093	0.005813953488372093	0.23837209302325582	0.0755813953488372	0.029069767441860465	0.029069767441860465	0.005813953488372093	0.005813953488372093
71	71	0.08653846153846154	0.08653846153846154	0.009615384615384616	0.009615384615384616	0.009615384615384616	0.009615384615384616	0.009615384615384616	0.009615384615384616	0.009615384615384616	0.16346153846153846	0.009615384615384616	0.3173076923076923	0.009615384615384616	0.20192307692307693	0.009615384615384616	0.009615384615384616	0.009615384615384616	0.009615384615384616	0.009615384615384616	0.009615384615384616
72	72	0.017857142857142856	0.017857142857142856	0.017857142857142856	0.23214285714285715	0.017857142857142856	0.30357142857142855	0.017857142857142856	0.017857142857142856	0.08928571428571429	0.017857142857142856	0.017857142857142856	0.017857142857142856	0.08928571428571429	0.017857142857142856	0.017857142857142856	0.017857142857142856	0.017857142857142856	0.017857142857142856	0.017857142857142856	0.017857142857142856
73	73	0.002136752136752137	0.002136752136752137	0.010683760683760684	0.07051282051282051	0.027777777777777776	0.002136752136752137	0.019230769230769232	0.27564102564102566	0.07051282051282051	0.0876068376068376	0.04487179487179487	0.027777777777777776	0.002136752136752137	0.002136752136752137	0.14743589743589744	0.019230769230769232	0.002136752136752137	0.010683760683760684	0.002136752136752137	0.17307692307692307
74	74	0.003289473684210526	0.1875	0.029605263157894735	0.06907894736842106	0.003289473684210526	0.003289473684210526	0.003289473684210526	0.003289473684210526	0.01644736842105263	0.029605263157894735	0.029605263157894735	0.003289473684210526	0.003289473684210526	0.003289473684210526	0.08223684210526316	0.4243421052631579	0.003289473684210526	0.029605263157894735	0.01644736842105263	0.05592105263157895
75	75	0.006578947368421052	0.03289473684210526	0.006578947368421052	0.03289473684210526	0.03289473684210526	0.03289473684210526	0.3223684210526316	0.24342105263157895	0.006578947368421052	0.006578947368421052	0.006578947368421052	0.006578947368421052	0.08552631578947369	0.006578947368421052	0.006578947368421052	0.08552631578947369	0.006578947368421052	0.03289473684210526	0.006578947368421052	0.03289473684210526
76	76	0.03205128205128205	0.00641025641025641	0.00641025641025641	0.00641025641025641	0.03205128205128205	0.00641025641025641	0.00641025641025641	0.00641025641025641	0.00641025641025641	0.00641025641025641	0.03205128205128205	0.00641025641025641	0.16025641025641027	0.00641025641025641	0.00641025641025641	0.4166666666666667	0.10897435897435898	0.10897435897435898	0.03205128205128205	0.00641025641025641
77	77	0.008333333333333333	0.075	0.008333333333333333	0.008333333333333333	0.008333333333333333	0.008333333333333333	0.275	0.008333333333333333	0.075	0.075	0.041666666666666664	0.008333333333333333	0.10833333333333334	0.075	0.075	0.075	0.008333333333333333	0.041666666666666664	0.008333333333333333	0.008333333333333333
78	78	0.013888888888888888	0.013888888888888888	0.013888888888888888	0.013888888888888888	0.013888888888888888	0.013888888888888888	0.013888888888888888	0.013888888888888888	0.013888888888888888	0.06944444444444445	0.06944444444444445	0.013888888888888888	0.18055555555555555	0.06944444444444445	0.013888888888888888	0.06944444444444445	0.06944444444444445	0.013888888888888888	0.2916666666666667	0.013888888888888888
79	79	0.021929824561403508	0.0043859649122807015	0.17982456140350878	0.0043859649122807015	0.0043859649122807015	0.07456140350877193	0.0043859649122807015	0.021929824561403508	0.12719298245614036	0.021929824561403508	0.0043859649122807015	0.0043859649122807015	0.05701754385964912	0.0043859649122807015	0.14473684210526316	0.16228070175438597	0.10964912280701754	0.021929824561403508	0.021929824561403508	0.0043859649122807015
80	80	0.008928571428571428	0.008928571428571428	0.008928571428571428	0.008928571428571428	0.044642857142857144	0.08035714285714286	0.044642857142857144	0.044642857142857144	0.008928571428571428	0.008928571428571428	0.008928571428571428	0.008928571428571428	0.008928571428571428	0.008928571428571428	0.008928571428571428	0.6517857142857143	0.008928571428571428	0.008928571428571428	0.008928571428571428	0.008928571428571428
81	81	0.03571428571428571	0.03571428571428571	0.03571428571428571	0.03571428571428571	0.03571428571428571	0.03571428571428571	0.03571428571428571	0.03571428571428571	0.17857142857142858	0.03571428571428571	0.03571428571428571	0.03571428571428571	0.03571428571428571	0.03571428571428571	0.03571428571428571	0.03571428571428571	0.03571428571428571	0.03571428571428571	0.17857142857142858	0.03571428571428571
82	82	0.07758620689655173	0.07758620689655173	0.008620689655172414	0.008620689655172414	0.04310344827586207	0.04310344827586207	0.008620689655172414	0.008620689655172414	0.008620689655172414	0.008620689655172414	0.04310344827586207	0.1810344827586207	0.008620689655172414	0.008620689655172414	0.25	0.008620689655172414	0.14655172413793102	0.04310344827586207	0.008620689655172414	0.008620689655172414
83	83	0.06159420289855073	0.07608695652173914	0.0036231884057971015	0.04710144927536232	0.03260869565217391	0.0036231884057971015	0.16304347826086957	0.3804347826086957	0.0036231884057971015	0.0036231884057971015	0.0036231884057971015	0.0036231884057971015	0.0036231884057971015	0.0036231884057971015	0.0036231884057971015	0.0036231884057971015	0.0036231884057971015	0.0036231884057971015	0.0036231884057971015	0.19202898550724637
84	84	0.005813953488372093	0.005813953488372093	0.14534883720930233	0.3081395348837209	0.005813953488372093	0.005813953488372093	0.0755813953488372	0.05232558139534884	0.09883720930232558	0.005813953488372093	0.005813953488372093	0.029069767441860465	0.005813953488372093	0.005813953488372093	0.005813953488372093	0.005813953488372093	0.029069767441860465	0.05232558139534884	0.005813953488372093	0.14534883720930233
85	85	0.005952380952380952	0.005952380952380952	0.02976190476190476	0.10119047619047619	0.1488095238095238	0.05357142857142857	0.005952380952380952	0.17261904761904762	0.005952380952380952	0.005952380952380952	0.17261904761904762	0.02976190476190476	0.05357142857142857	0.005952380952380952	0.005952380952380952	0.005952380952380952	0.1488095238095238	0.02976190476190476	0.005952380952380952	0.005952380952380952
86	86	0.04276315789473684	0.003289473684210526	0.003289473684210526	0.06907894736842106	0.17434210526315788	0.01644736842105263	0.029605263157894735	0.01644736842105263	0.003289473684210526	0.3190789473684211	0.04276315789473684	0.003289473684210526	0.05592105263157895	0.003289473684210526	0.003289473684210526	0.003289473684210526	0.003289473684210526	0.003289473684210526	0.1875	0.01644736842105263
87	87	0.00625	0.00625	0.00625	0.03125	0.10625	0.20625	0.00625	0.00625	0.00625	0.33125	0.00625	0.00625	0.00625	0.05625	0.10625	0.00625	0.00625	0.08125	0.00625	0.00625
88	88	0.005681818181818182	0.005681818181818182	0.07386363636363637	0.005681818181818182	0.21022727272727273	0.028409090909090908	0.005681818181818182	0.005681818181818182	0.005681818181818182	0.005681818181818182	0.005681818181818182	0.028409090909090908	0.3693181818181818	0.005681818181818182	0.07386363636363637	0.09659090909090909	0.005681818181818182	0.005681818181818182	0.005681818181818182	0.05113636363636364
89	89	0.033783783783783786	0.006756756756756757	0.006756756756756757	0.006756756756756757	0.006756756756756757	0.006756756756756757	0.11486486486486487	0.006756756756756757	0.006756756756756757	0.006756756756756757	0.006756756756756757	0.006756756756756757	0.30405405405405406	0.006756756756756757	0.006756756756756757	0.14189189189189189	0.30405405405405406	0.006756756756756757	0.006756756756756757	0.006756756756756757
90	90	0.056818181818181816	0.011363636363636364	0.011363636363636364	0.011363636363636364	0.011363636363636364	0.011363636363636364	0.011363636363636364	0.011363636363636364	0.10227272727272728	0.19318181818181818	0.10227272727272728	0.011363636363636364	0.011363636363636364	0.2840909090909091	0.011363636363636364	0.011363636363636364	0.011363636363636364	0.011363636363636364	0.10227272727272728	0.011363636363636364
91	91	0.006944444444444444	0.006944444444444444	0.034722222222222224	0.006944444444444444	0.0625	0.006944444444444444	0.0625	0.006944444444444444	0.09027777777777778	0.006944444444444444	0.09027777777777778	0.006944444444444444	0.034722222222222224	0.2847222222222222	0.006944444444444444	0.0625	0.0625	0.0625	0.006944444444444444	0.09027777777777778
92	92	0.008928571428571428	0.008928571428571428	0.008928571428571428	0.008928571428571428	0.008928571428571428	0.008928571428571428	0.008928571428571428	0.008928571428571428	0.008928571428571428	0.5446428571428571	0.08035714285714286	0.08035714285714286	0.008928571428571428	0.008928571428571428	0.008928571428571428	0.008928571428571428	0.008928571428571428	0.044642857142857144	0.11607142857142858	0.008928571428571428
93	93	0.004032258064516129	0.004032258064516129	0.004032258064516129	0.020161290322580645	0.14919354838709678	0.05241935483870968	0.004032258064516129	0.004032258064516129	0.1975806451612903	0.05241935483870968	0.036290322580645164	0.020161290322580645	0.004032258064516129	0.036290322580645164	0.004032258064516129	0.1975806451612903	0.05241935483870968	0.14919354838709678	0.004032258064516129	0.004032258064516129
94	94	0.027777777777777776	0.005555555555555556	0.20555555555555555	0.027777777777777776	0.005555555555555556	0.005555555555555556	0.005555555555555556	0.11666666666666667	0.027777777777777776	0.05	0.11666666666666667	0.11666666666666667	0.005555555555555556	0.005555555555555556	0.09444444444444444	0.005555555555555556	0.027777777777777776	0.09444444444444444	0.05	0.005555555555555556
95	95	0.0078125	0.0078125	0.0078125	0.0703125	0.0078125	0.0078125	0.2265625	0.0078125	0.0078125	0.1328125	0.0078125	0.0078125	0.0078125	0.0078125	0.2890625	0.0078125	0.0078125	0.0078125	0.1328125	0.0390625
96	96	0.03571428571428571	0.03571428571428571	0.03571428571428571	0.03571428571428571	0.03571428571428571	0.03571428571428571	0.03571428571428571	0.03571428571428571	0.03571428571428571	0.03571428571428571	0.17857142857142858	0.03571428571428571	0.03571428571428571	0.03571428571428571	0.03571428571428571	0.03571428571428571	0.03571428571428571	0.17857142857142858	0.03571428571428571	0.03571428571428571
97	97	0.15566037735849056	0.0047169811320754715	0.04245283018867924	0.0047169811320754715	0.0047169811320754715	0.0047169811320754715	0.1179245283018868	0.17452830188679244	0.0047169811320754715	0.0047169811320754715	0.0047169811320754715	0.19339622641509435	0.0047169811320754715	0.0047169811320754715	0.0047169811320754715	0.06132075471698113	0.06132075471698113	0.0047169811320754715	0.06132075471698113	0.08018867924528301
98	98	0.00625	0.15625	0.03125	0.05625	0.00625	0.23125	0.00625	0.08125	0.00625	0.05625	0.00625	0.00625	0.00625	0.05625	0.10625	0.00625	0.00625	0.10625	0.05625	0.00625
99	99	0.00423728813559322	0.00423728813559322	0.0211864406779661	0.00423728813559322	0.00423728813559322	0.3940677966101695	0.00423728813559322	0.1228813559322034	0.00423728813559322	0.00423728813559322	0.038135593220338986	0.00423728813559322	0.2076271186440678	0.07203389830508475	0.00423728813559322	0.00423728813559322	0.00423728813559322	0.038135593220338986	0.0211864406779661	0.038135593220338986
100	100	0.02717391304347826	0.005434782608695652	0.005434782608695652	0.005434782608695652	0.005434782608695652	0.02717391304347826	0.02717391304347826	0.005434782608695652	0.005434782608695652	0.02717391304347826	0.005434782608695652	0.005434782608695652	0.005434782608695652	0.1358695652173913	0.11413043478260869	0.02717391304347826	0.11413043478260869	0.005434782608695652	0.07065217391304347	0.375
101	101	0.328125	0.003125	0.003125	0.290625	0.028125	0.028125	0.040625	0.003125	0.040625	0.065625	0.015625	0.003125	0.003125	0.065625	0.003125	0.003125	0.003125	0.003125	0.065625	0.003125
102	102	0.0325	0.2725	0.0225	0.0825	0.0025	0.0025	0.0025	0.0325	0.0525	0.0025	0.1725	0.0125	0.1025	0.0325	0.0025	0.0725	0.0325	0.0625	0.0025	0.0025
103	103	0.006944444444444444	0.006944444444444444	0.006944444444444444	0.006944444444444444	0.0625	0.006944444444444444	0.006944444444444444	0.2847222222222222	0.006944444444444444	0.006944444444444444	0.006944444444444444	0.006944444444444444	0.006944444444444444	0.14583333333333334	0.14583333333333334	0.006944444444444444	0.0625	0.11805555555555555	0.09027777777777778	0.006944444444444444
104	104	0.005208333333333333	0.046875	0.005208333333333333	0.005208333333333333	0.026041666666666668	0.005208333333333333	0.005208333333333333	0.026041666666666668	0.005208333333333333	0.005208333333333333	0.005208333333333333	0.13020833333333334	0.109375	0.005208333333333333	0.005208333333333333	0.4427083333333333	0.15104166666666666	0.005208333333333333	0.005208333333333333	0.005208333333333333
