0	0	0.0065359477124183	0.0065359477124183	0.06535947712418301	0.0065359477124183	0.0065359477124183	0.18300653594771243	0.0065359477124183	0.06535947712418301	0.1241830065359477	0.0261437908496732	0.0065359477124183	0.06535947712418301	0.04575163398692811	0.0065359477124183	0.3790849673202614
1	1	0.06306306306306307	0.009009009009009009	0.009009009009009009	0.1981981981981982	0.17117117117117117	0.0900900900900901	0.009009009009009009	0.009009009009009009	0.0900900900900901	0.009009009009009009	0.2792792792792793	0.009009009009009009	0.036036036036036036	0.009009009009009009	0.009009009009009009
2	2	0.007575757575757575	0.05303030303030303	0.0303030303030303	0.007575757575757575	0.007575757575757575	0.07575757575757576	0.007575757575757575	0.007575757575757575	0.007575757575757575	0.16666666666666666	0.1212121212121212	0.1212121212121212	0.007575757575757575	0.007575757575757575	0.37121212121212116
3	3	0.013888888888888888	0.2222222222222222	0.013888888888888888	0.1388888888888889	0.09722222222222222	0.013888888888888888	0.013888888888888888	0.05555555555555555	0.09722222222222222	0.18055555555555555	0.013888888888888888	0.013888888888888888	0.013888888888888888	0.09722222222222222	0.013888888888888888
4	4	0.07246376811594203	0.050724637681159424	0.050724637681159424	0.007246376811594202	0.22463768115942032	0.007246376811594202	0.007246376811594202	0.007246376811594202	0.02898550724637681	0.02898550724637681	0.007246376811594202	0.07246376811594203	0.42028985507246375	0.007246376811594202	0.007246376811594202
5	5	0.008333333333333333	0.008333333333333333	0.03333333333333333	0.03333333333333333	0.18333333333333332	0.008333333333333333	0.008333333333333333	0.23333333333333334	0.13333333333333333	0.03333333333333333	0.15833333333333333	0.008333333333333333	0.03333333333333333	0.03333333333333333	0.08333333333333334
6	6	0.07070707070707072	0.0101010101010101	0.0101010101010101	0.0101010101010101	0.0404040404040404	0.0101010101010101	0.0101010101010101	0.43434343434343436	0.0101010101010101	0.2222222222222222	0.10101010101010101	0.0101010101010101	0.0101010101010101	0.0404040404040404	0.0101010101010101
7	7	0.014492753623188404	0.014492753623188404	0.10144927536231885	0.14492753623188406	0.014492753623188404	0.05797101449275362	0.10144927536231885	0.014492753623188404	0.05797101449275362	0.05797101449275362	0.23188405797101447	0.14492753623188406	0.014492753623188404	0.014492753623188404	0.014492753623188404
8	8	0.37719298245614036	0.11403508771929824	0.008771929824561403	0.008771929824561403	0.08771929824561404	0.008771929824561403	0.03508771929824561	0.008771929824561403	0.008771929824561403	0.008771929824561403	0.008771929824561403	0.06140350877192983	0.2192982456140351	0.03508771929824561	0.008771929824561403
9	9	0.036036036036036036	0.17117117117117117	0.009009009009009009	0.009009009009009009	0.06306306306306307	0.009009009009009009	0.009009009009009009	0.17117117117117117	0.17117117117117117	0.009009009009009009	0.009009009009009009	0.009009009009009009	0.009009009009009009	0.009009009009009009	0.30630630630630634
10	10	0.009259259259259259	0.009259259259259259	0.037037037037037035	0.0925925925925926	0.06481481481481483	0.06481481481481483	0.0925925925925926	0.009259259259259259	0.0925925925925926	0.0925925925925926	0.0925925925925926	0.17592592592592593	0.037037037037037035	0.037037037037037035	0.0925925925925926
11	11	0.0196078431372549	0.0196078431372549	0.0196078431372549	0.0784313725490196	0.0196078431372549	0.4313725490196078	0.0196078431372549	0.0196078431372549	0.0196078431372549	0.0784313725490196	0.0196078431372549	0.0196078431372549	0.0196078431372549	0.19607843137254902	0.0196078431372549
12	12	0.007575757575757575	0.007575757575757575	0.0303030303030303	0.007575757575757575	0.007575757575757575	0.21212121212121213	0.007575757575757575	0.007575757575757575	0.3484848484848485	0.05303030303030303	0.0303030303030303	0.07575757575757576	0.007575757575757575	0.007575757575757575	0.18939393939393942
13	13	0.0101010101010101	0.10101010101010101	0.07070707070707072	0.2828282828282829	0.07070707070707072	0.0101010101010101	0.0404040404040404	0.0404040404040404	0.0404040404040404	0.2222222222222222	0.0101010101010101	0.07070707070707072	0.0101010101010101	0.0101010101010101	0.0101010101010101
14	14	0.08333333333333334	0.19047619047619047	0.011904761904761904	0.011904761904761904	0.08333333333333334	0.011904761904761904	0.011904761904761904	0.011904761904761904	0.047619047619047616	0.047619047619047616	0.047619047619047616	0.011904761904761904	0.2261904761904762	0.011904761904761904	0.19047619047619047
15	15	0.20833333333333334	0.18333333333333332	0.008333333333333333	0.08333333333333334	0.008333333333333333	0.008333333333333333	0.03333333333333333	0.008333333333333333	0.008333333333333333	0.23333333333333334	0.15833333333333333	0.03333333333333333	0.008333333333333333	0.008333333333333333	0.008333333333333333
16	16	0.13541666666666666	0.010416666666666666	0.010416666666666666	0.07291666666666667	0.010416666666666666	0.041666666666666664	0.041666666666666664	0.010416666666666666	0.010416666666666666	0.3854166666666667	0.010416666666666666	0.041666666666666664	0.13541666666666666	0.041666666666666664	0.041666666666666664
17	17	0.1851851851851852	0.05185185185185186	0.007407407407407407	0.007407407407407407	0.007407407407407407	0.007407407407407407	0.007407407407407407	0.11851851851851851	0.007407407407407407	0.5407407407407407	0.007407407407407407	0.007407407407407407	0.007407407407407407	0.007407407407407407	0.029629629629629627
18	18	0.027777777777777776	0.027777777777777776	0.027777777777777776	0.027777777777777776	0.027777777777777776	0.4444444444444444	0.027777777777777776	0.027777777777777776	0.027777777777777776	0.027777777777777776	0.19444444444444445	0.027777777777777776	0.027777777777777776	0.027777777777777776	0.027777777777777776
19	19	0.43010752688172044	0.01075268817204301	0.10752688172043011	0.04301075268817204	0.04301075268817204	0.01075268817204301	0.01075268817204301	0.01075268817204301	0.04301075268817204	0.23655913978494622	0.01075268817204301	0.01075268817204301	0.01075268817204301	0.01075268817204301	0.01075268817204301
20	20	0.014492753623188404	0.05797101449275362	0.014492753623188404	0.10144927536231885	0.23188405797101447	0.014492753623188404	0.014492753623188404	0.014492753623188404	0.014492753623188404	0.36231884057971014	0.05797101449275362	0.05797101449275362	0.014492753623188404	0.014492753623188404	0.014492753623188404
21	21	0.013333333333333332	0.013333333333333332	0.09333333333333334	0.05333333333333333	0.013333333333333332	0.05333333333333333	0.09333333333333334	0.05333333333333333	0.013333333333333332	0.013333333333333332	0.1733333333333333	0.013333333333333332	0.05333333333333333	0.013333333333333332	0.33333333333333337
22	22	0.01282051282051282	0.20512820512820512	0.12820512820512822	0.08974358974358974	0.16666666666666666	0.01282051282051282	0.01282051282051282	0.05128205128205128	0.12820512820512822	0.08974358974358974	0.01282051282051282	0.01282051282051282	0.01282051282051282	0.01282051282051282	0.05128205128205128
23	23	0.03333333333333333	0.15833333333333333	0.6333333333333333	0.008333333333333333	0.008333333333333333	0.008333333333333333	0.008333333333333333	0.008333333333333333	0.03333333333333333	0.008333333333333333	0.03333333333333333	0.008333333333333333	0.008333333333333333	0.008333333333333333	0.03333333333333333
24	24	0.007246376811594202	0.007246376811594202	0.007246376811594202	0.02898550724637681	0.02898550724637681	0.007246376811594202	0.007246376811594202	0.18115942028985507	0.007246376811594202	0.15942028985507245	0.007246376811594202	0.050724637681159424	0.09420289855072463	0.050724637681159424	0.3550724637681159
25	25	0.2028985507246377	0.007246376811594202	0.09420289855072463	0.18115942028985507	0.007246376811594202	0.007246376811594202	0.09420289855072463	0.13768115942028986	0.007246376811594202	0.007246376811594202	0.13768115942028986	0.007246376811594202	0.007246376811594202	0.09420289855072463	0.007246376811594202
26	26	0.00980392156862745	0.00980392156862745	0.00980392156862745	0.18627450980392157	0.06862745098039216	0.00980392156862745	0.00980392156862745	0.00980392156862745	0.00980392156862745	0.0392156862745098	0.00980392156862745	0.12745098039215685	0.1568627450980392	0.303921568627451	0.0392156862745098
27	27	0.1794871794871795	0.14102564102564102	0.00641025641025641	0.19871794871794873	0.10256410256410256	0.00641025641025641	0.00641025641025641	0.00641025641025641	0.02564102564102564	0.12179487179487179	0.12179487179487179	0.00641025641025641	0.00641025641025641	0.00641025641025641	0.06410256410256411
28	28	0.02222222222222222	0.08888888888888888	0.02222222222222222	0.02222222222222222	0.02222222222222222	0.08888888888888888	0.02222222222222222	0.02222222222222222	0.02222222222222222	0.02222222222222222	0.02222222222222222	0.02222222222222222	0.02222222222222222	0.5555555555555556	0.02222222222222222
29	29	0.015873015873015872	0.15873015873015875	0.015873015873015872	0.06349206349206349	0.39682539682539686	0.015873015873015872	0.015873015873015872	0.015873015873015872	0.015873015873015872	0.015873015873015872	0.015873015873015872	0.15873015873015875	0.06349206349206349	0.015873015873015872	0.015873015873015872
30	30	0.39316239316239315	0.05982905982905983	0.1111111111111111	0.008547008547008546	0.008547008547008546	0.034188034188034185	0.034188034188034185	0.008547008547008546	0.18803418803418803	0.008547008547008546	0.008547008547008546	0.008547008547008546	0.1111111111111111	0.008547008547008546	0.008547008547008546
31	31	0.1388888888888889	0.09722222222222222	0.013888888888888888	0.013888888888888888	0.013888888888888888	0.013888888888888888	0.013888888888888888	0.013888888888888888	0.1388888888888889	0.013888888888888888	0.013888888888888888	0.013888888888888888	0.013888888888888888	0.013888888888888888	0.47222222222222227
32	32	0.1568627450980392	0.00980392156862745	0.06862745098039216	0.12745098039215685	0.00980392156862745	0.1568627450980392	0.00980392156862745	0.00980392156862745	0.00980392156862745	0.1568627450980392	0.2156862745098039	0.00980392156862745	0.0392156862745098	0.00980392156862745	0.00980392156862745
33	33	0.14492753623188406	0.05797101449275362	0.014492753623188404	0.10144927536231885	0.014492753623188404	0.05797101449275362	0.10144927536231885	0.014492753623188404	0.14492753623188406	0.014492753623188404	0.23188405797101447	0.014492753623188404	0.05797101449275362	0.014492753623188404	0.014492753623188404
34	34	0.01111111111111111	0.01111111111111111	0.01111111111111111	0.14444444444444443	0.2777777777777778	0.01111111111111111	0.01111111111111111	0.01111111111111111	0.04444444444444444	0.04444444444444444	0.01111111111111111	0.01111111111111111	0.17777777777777776	0.2111111111111111	0.01111111111111111
35	35	0.04444444444444444	0.01111111111111111	0.07777777777777778	0.01111111111111111	0.01111111111111111	0.07777777777777778	0.11111111111111112	0.01111111111111111	0.01111111111111111	0.01111111111111111	0.01111111111111111	0.14444444444444443	0.04444444444444444	0.01111111111111111	0.41111111111111115
36	36	0.04938271604938271	0.012345679012345678	0.04938271604938271	0.2345679012345679	0.2716049382716049	0.1234567901234568	0.012345679012345678	0.012345679012345678	0.012345679012345678	0.012345679012345678	0.04938271604938271	0.012345679012345678	0.012345679012345678	0.04938271604938271	0.08641975308641976
37	37	0.047619047619047616	0.047619047619047616	0.33333333333333337	0.047619047619047616	0.047619047619047616	0.047619047619047616	0.047619047619047616	0.047619047619047616	0.047619047619047616	0.047619047619047616	0.047619047619047616	0.047619047619047616	0.047619047619047616	0.047619047619047616	0.047619047619047616
38	38	0.008547008547008546	0.008547008547008546	0.13675213675213674	0.08547008547008547	0.008547008547008546	0.008547008547008546	0.008547008547008546	0.008547008547008546	0.1623931623931624	0.034188034188034185	0.1623931623931624	0.008547008547008546	0.3418803418803419	0.008547008547008546	0.008547008547008546
39	39	0.02564102564102564	0.02564102564102564	0.02564102564102564	0.02564102564102564	0.10256410256410256	0.02564102564102564	0.02564102564102564	0.02564102564102564	0.10256410256410256	0.10256410256410256	0.02564102564102564	0.1794871794871795	0.1794871794871795	0.10256410256410256	0.02564102564102564
40	40	0.05797101449275362	0.3188405797101449	0.014492753623188404	0.014492753623188404	0.014492753623188404	0.014492753623188404	0.014492753623188404	0.014492753623188404	0.3188405797101449	0.10144927536231885	0.014492753623188404	0.014492753623188404	0.014492753623188404	0.014492753623188404	0.05797101449275362
41	41	0.1056910569105691	0.4227642276422764	0.008130081300813007	0.03252032520325203	0.03252032520325203	0.008130081300813007	0.03252032520325203	0.008130081300813007	0.13008130081300812	0.13008130081300812	0.008130081300813007	0.008130081300813007	0.03252032520325203	0.03252032520325203	0.008130081300813007
42	42	0.06666666666666667	0.009523809523809523	0.009523809523809523	0.15238095238095237	0.009523809523809523	0.26666666666666666	0.009523809523809523	0.009523809523809523	0.009523809523809523	0.06666666666666667	0.03809523809523809	0.03809523809523809	0.03809523809523809	0.009523809523809523	0.26666666666666666
43	43	0.06862745098039216	0.09803921568627451	0.00980392156862745	0.0392156862745098	0.00980392156862745	0.00980392156862745	0.00980392156862745	0.00980392156862745	0.00980392156862745	0.09803921568627451	0.0392156862745098	0.303921568627451	0.00980392156862745	0.0392156862745098	0.2450980392156863
44	44	0.009009009009009009	0.06306306306306307	0.009009009009009009	0.06306306306306307	0.30630630630630634	0.0900900900900901	0.009009009009009009	0.036036036036036036	0.036036036036036036	0.009009009009009009	0.009009009009009009	0.009009009009009009	0.009009009009009009	0.1981981981981982	0.14414414414414414
45	45	0.006172839506172839	0.2839506172839506	0.006172839506172839	0.024691358024691357	0.006172839506172839	0.006172839506172839	0.006172839506172839	0.006172839506172839	0.4691358024691358	0.024691358024691357	0.006172839506172839	0.024691358024691357	0.08024691358024691	0.04320987654320988	0.006172839506172839
46	46	0.009523809523809523	0.009523809523809523	0.009523809523809523	0.009523809523809523	0.03809523809523809	0.009523809523809523	0.03809523809523809	0.009523809523809523	0.06666666666666667	0.009523809523809523	0.009523809523809523	0.009523809523809523	0.009523809523809523	0.7523809523809524	0.009523809523809523
47	47	0.011904761904761904	0.011904761904761904	0.011904761904761904	0.011904761904761904	0.36904761904761907	0.011904761904761904	0.2261904761904762	0.047619047619047616	0.011904761904761904	0.011904761904761904	0.011904761904761904	0.2261904761904762	0.011904761904761904	0.011904761904761904	0.011904761904761904
48	48	0.11711711711711711	0.2522522522522523	0.06306306306306307	0.036036036036036036	0.009009009009009009	0.06306306306306307	0.22522522522522523	0.009009009009009009	0.009009009009009009	0.06306306306306307	0.036036036036036036	0.009009009009009009	0.009009009009009009	0.009009009009009009	0.0900900900900901
49	49	0.047619047619047616	0.047619047619047616	0.047619047619047616	0.047619047619047616	0.047619047619047616	0.19047619047619047	0.047619047619047616	0.047619047619047616	0.047619047619047616	0.047619047619047616	0.19047619047619047	0.047619047619047616	0.047619047619047616	0.047619047619047616	0.047619047619047616
50	50	0.09333333333333334	0.13333333333333333	0.013333333333333332	0.013333333333333332	0.013333333333333332	0.05333333333333333	0.013333333333333332	0.013333333333333332	0.013333333333333332	0.21333333333333332	0.013333333333333332	0.13333333333333333	0.05333333333333333	0.013333333333333332	0.21333333333333332
51	51	0.07407407407407407	0.07407407407407407	0.018518518518518517	0.018518518518518517	0.12962962962962965	0.1851851851851852	0.018518518518518517	0.018518518518518517	0.018518518518518517	0.1851851851851852	0.1851851851851852	0.018518518518518517	0.018518518518518517	0.018518518518518517	0.018518518518518517
52	52	0.11666666666666667	0.016666666666666666	0.016666666666666666	0.06666666666666667	0.26666666666666666	0.21666666666666665	0.016666666666666666	0.016666666666666666	0.016666666666666666	0.16666666666666669	0.016666666666666666	0.016666666666666666	0.016666666666666666	0.016666666666666666	0.016666666666666666
53	53	0.1313131313131313	0.0404040404040404	0.1616161616161616	0.07070707070707072	0.2828282828282829	0.0101010101010101	0.0101010101010101	0.0101010101010101	0.0101010101010101	0.0101010101010101	0.0404040404040404	0.0101010101010101	0.1313131313131313	0.07070707070707072	0.0101010101010101
54	54	0.008547008547008546	0.08547008547008547	0.6495726495726496	0.034188034188034185	0.08547008547008547	0.008547008547008546	0.008547008547008546	0.008547008547008546	0.008547008547008546	0.034188034188034185	0.008547008547008546	0.034188034188034185	0.008547008547008546	0.008547008547008546	0.008547008547008546
55	55	0.01515151515151515	0.01515151515151515	0.15151515151515152	0.01515151515151515	0.01515151515151515	0.01515151515151515	0.01515151515151515	0.01515151515151515	0.01515151515151515	0.2424242424242424	0.10606060606060606	0.0606060606060606	0.15151515151515152	0.15151515151515152	0.01515151515151515
56	56	0.00641025641025641	0.00641025641025641	0.16025641025641027	0.02564102564102564	0.06410256410256411	0.37179487179487175	0.10256410256410256	0.00641025641025641	0.00641025641025641	0.14102564102564102	0.06410256410256411	0.00641025641025641	0.02564102564102564	0.00641025641025641	0.00641025641025641
57	57	0.2518518518518519	0.11851851851851851	0.029629629629629627	0.029629629629629627	0.11851851851851851	0.007407407407407407	0.007407407407407407	0.007407407407407407	0.007407407407407407	0.1851851851851852	0.16296296296296295	0.029629629629629627	0.029629629629629627	0.007407407407407407	0.007407407407407407
58	58	0.2380952380952381	0.005952380952380952	0.05952380952380953	0.005952380952380952	0.07738095238095237	0.005952380952380952	0.005952380952380952	0.09523809523809523	0.005952380952380952	0.16666666666666669	0.29166666666666663	0.005952380952380952	0.005952380952380952	0.023809523809523808	0.005952380952380952
59	59	0.009009009009009009	0.11711711711711711	0.036036036036036036	0.009009009009009009	0.06306306306306307	0.30630630630630634	0.009009009009009009	0.22522522522522523	0.009009009009009009	0.036036036036036036	0.009009009009009009	0.06306306306306307	0.0900900900900901	0.009009009009009009	0.009009009009009009
60	60	0.24113475177304966	0.0070921985815602835	0.028368794326241134	0.0070921985815602835	0.15602836879432624	0.15602836879432624	0.04964539007092199	0.0070921985815602835	0.0070921985815602835	0.11347517730496454	0.0070921985815602835	0.028368794326241134	0.09219858156028368	0.028368794326241134	0.07092198581560284
61	61	0.036036036036036036	0.009009009009009009	0.06306306306306307	0.0900900900900901	0.2522522522522523	0.009009009009009009	0.2522522522522523	0.06306306306306307	0.009009009009009009	0.036036036036036036	0.036036036036036036	0.009009009009009009	0.11711711711711711	0.009009009009009009	0.009009009009009009
62	62	0.047619047619047616	0.11904761904761905	0.08333333333333334	0.011904761904761904	0.11904761904761905	0.047619047619047616	0.011904761904761904	0.11904761904761905	0.047619047619047616	0.15476190476190474	0.15476190476190474	0.047619047619047616	0.011904761904761904	0.011904761904761904	0.011904761904761904
63	63	0.009523809523809523	0.26666666666666666	0.009523809523809523	0.09523809523809525	0.2380952380952381	0.06666666666666667	0.06666666666666667	0.03809523809523809	0.09523809523809525	0.009523809523809523	0.03809523809523809	0.009523809523809523	0.03809523809523809	0.009523809523809523	0.009523809523809523
64	64	0.07070707070707072	0.0101010101010101	0.0101010101010101	0.0101010101010101	0.31313131313131315	0.0101010101010101	0.0101010101010101	0.1919191919191919	0.0404040404040404	0.0404040404040404	0.0101010101010101	0.0101010101010101	0.07070707070707072	0.0404040404040404	0.1616161616161616
65	65	0.09803921568627451	0.09803921568627451	0.27450980392156865	0.00980392156862745	0.0392156862745098	0.00980392156862745	0.00980392156862745	0.00980392156862745	0.0392156862745098	0.1568627450980392	0.00980392156862745	0.00980392156862745	0.0392156862745098	0.18627450980392157	0.00980392156862745
66	66	0.5897435897435898	0.01282051282051282	0.05128205128205128	0.01282051282051282	0.01282051282051282	0.01282051282051282	0.01282051282051282	0.01282051282051282	0.08974358974358974	0.05128205128205128	0.05128205128205128	0.05128205128205128	0.01282051282051282	0.01282051282051282	0.01282051282051282
67	67	0.14367816091954025	0.005747126436781609	0.022988505747126436	0.040229885057471264	0.22988505747126436	0.005747126436781609	0.040229885057471264	0.005747126436781609	0.005747126436781609	0.19540229885057472	0.16091954022988506	0.10919540229885057	0.022988505747126436	0.005747126436781609	0.005747126436781609
68	68	0.28787878787878785	0.01515151515151515	0.0606060606060606	0.01515151515151515	0.19696969696969696	0.01515151515151515	0.01515151515151515	0.10606060606060606	0.01515151515151515	0.01515151515151515	0.19696969696969696	0.01515151515151515	0.01515151515151515	0.01515151515151515	0.01515151515151515
69	69	0.08666666666666666	0.006666666666666666	0.006666666666666666	0.04666666666666667	0.22666666666666668	0.12666666666666665	0.006666666666666666	0.08666666666666666	0.006666666666666666	0.006666666666666666	0.18666666666666668	0.006666666666666666	0.006666666666666666	0.006666666666666666	0.18666666666666668
70	70	0.12403100775193798	0.007751937984496124	0.031007751937984496	0.031007751937984496	0.07751937984496124	0.007751937984496124	0.12403100775193798	0.007751937984496124	0.007751937984496124	0.14728682170542634	0.054263565891472874	0.031007751937984496	0.12403100775193798	0.007751937984496124	0.2170542635658915
71	71	0.12820512820512822	0.05128205128205128	0.28205128205128205	0.05128205128205128	0.05128205128205128	0.12820512820512822	0.01282051282051282	0.01282051282051282	0.01282051282051282	0.16666666666666666	0.01282051282051282	0.01282051282051282	0.01282051282051282	0.01282051282051282	0.05128205128205128
72	72	0.023809523809523808	0.023809523809523808	0.023809523809523808	0.023809523809523808	0.09523809523809523	0.09523809523809523	0.023809523809523808	0.09523809523809523	0.023809523809523808	0.16666666666666669	0.023809523809523808	0.09523809523809523	0.023809523809523808	0.2380952380952381	0.023809523809523808
73	73	0.05413105413105413	0.0028490028490028487	0.0028490028490028487	0.011396011396011395	0.05413105413105413	0.36182336182336183	0.0028490028490028487	0.0028490028490028487	0.0028490028490028487	0.13105413105413105	0.07977207977207977	0.011396011396011395	0.02849002849002849	0.011396011396011395	0.24216524216524216
74	74	0.030701754385964914	0.09649122807017543	0.017543859649122806	0.4517543859649123	0.08333333333333333	0.0043859649122807015	0.0043859649122807015	0.0043859649122807015	0.12280701754385966	0.12280701754385966	0.0043859649122807015	0.017543859649122806	0.0043859649122807015	0.0043859649122807015	0.030701754385964914
75	75	0.008771929824561403	0.008771929824561403	0.14035087719298245	0.03508771929824561	0.008771929824561403	0.14035087719298245	0.16666666666666666	0.008771929824561403	0.008771929824561403	0.03508771929824561	0.008771929824561403	0.06140350877192983	0.008771929824561403	0.06140350877192983	0.29824561403508776
76	76	0.008547008547008546	0.008547008547008546	0.08547008547008547	0.4700854700854701	0.18803418803418803	0.008547008547008546	0.008547008547008546	0.05982905982905983	0.008547008547008546	0.008547008547008546	0.008547008547008546	0.008547008547008546	0.1111111111111111	0.008547008547008546	0.008547008547008546
77	77	0.01111111111111111	0.01111111111111111	0.01111111111111111	0.07777777777777778	0.04444444444444444	0.01111111111111111	0.04444444444444444	0.01111111111111111	0.11111111111111112	0.14444444444444443	0.14444444444444443	0.24444444444444444	0.01111111111111111	0.04444444444444444	0.07777777777777778
78	78	0.018518518518518517	0.07407407407407407	0.018518518518518517	0.07407407407407407	0.462962962962963	0.018518518518518517	0.07407407407407407	0.018518518518518517	0.018518518518518517	0.018518518518518517	0.018518518518518517	0.12962962962962965	0.018518518518518517	0.018518518518518517	0.018518518518518517
79	79	0.04093567251461989	0.023391812865497075	0.005847953216374269	0.0935672514619883	0.058479532163742694	0.005847953216374269	0.058479532163742694	0.058479532163742694	0.0935672514619883	0.3391812865497076	0.005847953216374269	0.04093567251461989	0.0935672514619883	0.058479532163742694	0.023391812865497075
80	80	0.011904761904761904	0.08333333333333334	0.011904761904761904	0.40476190476190477	0.011904761904761904	0.011904761904761904	0.011904761904761904	0.047619047619047616	0.011904761904761904	0.15476190476190474	0.011904761904761904	0.011904761904761904	0.08333333333333334	0.11904761904761905	0.011904761904761904
81	81	0.047619047619047616	0.047619047619047616	0.19047619047619047	0.19047619047619047	0.047619047619047616	0.047619047619047616	0.047619047619047616	0.047619047619047616	0.047619047619047616	0.047619047619047616	0.047619047619047616	0.047619047619047616	0.047619047619047616	0.047619047619047616	0.047619047619047616
82	82	0.011494252873563218	0.14942528735632182	0.2528735632183908	0.14942528735632182	0.011494252873563218	0.11494252873563218	0.011494252873563218	0.011494252873563218	0.04597701149425287	0.011494252873563218	0.11494252873563218	0.011494252873563218	0.011494252873563218	0.011494252873563218	0.08045977011494253
83	83	0.03381642512077295	0.04830917874396135	0.004830917874396135	0.004830917874396135	0.04830917874396135	0.01932367149758454	0.004830917874396135	0.06280193236714976	0.004830917874396135	0.03381642512077295	0.01932367149758454	0.004830917874396135	0.004830917874396135	0.03381642512077295	0.6714975845410628
84	84	0.007751937984496124	0.007751937984496124	0.007751937984496124	0.007751937984496124	0.007751937984496124	0.007751937984496124	0.14728682170542634	0.31007751937984496	0.007751937984496124	0.24031007751937986	0.007751937984496124	0.054263565891472874	0.007751937984496124	0.10077519379844961	0.07751937984496124
85	85	0.031746031746031744	0.007936507936507936	0.007936507936507936	0.007936507936507936	0.031746031746031744	0.22222222222222224	0.07936507936507937	0.007936507936507936	0.05555555555555556	0.05555555555555556	0.1746031746031746	0.031746031746031744	0.19841269841269843	0.007936507936507936	0.07936507936507937
86	86	0.21491228070175436	0.0043859649122807015	0.017543859649122806	0.04385964912280702	0.13596491228070176	0.0043859649122807015	0.0043859649122807015	0.13596491228070176	0.07017543859649122	0.16228070175438597	0.05701754385964912	0.13596491228070176	0.0043859649122807015	0.0043859649122807015	0.0043859649122807015
87	87	0.08333333333333334	0.008333333333333333	0.03333333333333333	0.008333333333333333	0.10833333333333332	0.23333333333333334	0.008333333333333333	0.008333333333333333	0.03333333333333333	0.13333333333333333	0.008333333333333333	0.058333333333333334	0.008333333333333333	0.25833333333333336	0.008333333333333333
88	88	0.007575757575757575	0.16666666666666666	0.007575757575757575	0.0303030303030303	0.14393939393939392	0.007575757575757575	0.007575757575757575	0.09848484848484848	0.007575757575757575	0.0303030303030303	0.23484848484848486	0.007575757575757575	0.07575757575757576	0.16666666666666666	0.007575757575757575
89	89	0.009009009009009009	0.009009009009009009	0.2522522522522523	0.3603603603603604	0.036036036036036036	0.009009009009009009	0.14414414414414414	0.009009009009009009	0.009009009009009009	0.009009009009009009	0.009009009009009009	0.11711711711711711	0.009009009009009009	0.009009009009009009	0.009009009009009009
90	90	0.0606060606060606	0.10606060606060606	0.01515151515151515	0.0606060606060606	0.28787878787878785	0.10606060606060606	0.01515151515151515	0.10606060606060606	0.01515151515151515	0.0606060606060606	0.01515151515151515	0.01515151515151515	0.10606060606060606	0.01515151515151515	0.01515151515151515
91	91	0.009259259259259259	0.037037037037037035	0.009259259259259259	0.17592592592592593	0.0925925925925926	0.037037037037037035	0.009259259259259259	0.009259259259259259	0.28703703703703703	0.009259259259259259	0.06481481481481483	0.0925925925925926	0.12037037037037036	0.009259259259259259	0.037037037037037035
92	92	0.15476190476190474	0.08333333333333334	0.08333333333333334	0.011904761904761904	0.011904761904761904	0.08333333333333334	0.011904761904761904	0.011904761904761904	0.011904761904761904	0.33333333333333337	0.11904761904761905	0.011904761904761904	0.047619047619047616	0.011904761904761904	0.011904761904761904
93	93	0.15053763440860216	0.005376344086021505	0.02150537634408602	0.23118279569892475	0.06989247311827956	0.08602150537634408	0.02150537634408602	0.1021505376344086	0.053763440860215055	0.053763440860215055	0.08602150537634408	0.005376344086021505	0.06989247311827956	0.03763440860215054	0.005376344086021505
94	94	0.007407407407407407	0.007407407407407407	0.05185185185185186	0.007407407407407407	0.22962962962962966	0.05185185185185186	0.007407407407407407	0.07407407407407408	0.029629629629629627	0.14074074074074072	0.007407407407407407	0.007407407407407407	0.2518518518518519	0.11851851851851851	0.007407407407407407
95	95	0.2604166666666667	0.07291666666666667	0.16666666666666666	0.010416666666666666	0.041666666666666664	0.10416666666666667	0.010416666666666666	0.010416666666666666	0.010416666666666666	0.16666666666666666	0.010416666666666666	0.041666666666666664	0.07291666666666667	0.010416666666666666	0.010416666666666666
96	96	0.33333333333333337	0.047619047619047616	0.047619047619047616	0.047619047619047616	0.047619047619047616	0.047619047619047616	0.047619047619047616	0.047619047619047616	0.047619047619047616	0.047619047619047616	0.047619047619047616	0.047619047619047616	0.047619047619047616	0.047619047619047616	0.047619047619047616
97	97	0.006289308176100628	0.08176100628930817	0.08176100628930817	0.10062893081761005	0.006289308176100628	0.1949685534591195	0.006289308176100628	0.006289308176100628	0.006289308176100628	0.04402515723270441	0.006289308176100628	0.025157232704402514	0.025157232704402514	0.08176100628930817	0.3270440251572327
98	98	0.03333333333333333	0.03333333333333333	0.08333333333333334	0.008333333333333333	0.008333333333333333	0.23333333333333334	0.20833333333333334	0.03333333333333333	0.15833333333333333	0.008333333333333333	0.008333333333333333	0.008333333333333333	0.15833333333333333	0.008333333333333333	0.008333333333333333
99	99	0.005649717514124294	0.005649717514124294	0.12429378531073446	0.14124293785310735	0.03954802259887006	0.37853107344632764	0.10734463276836158	0.0903954802259887	0.005649717514124294	0.005649717514124294	0.005649717514124294	0.05649717514124294	0.022598870056497175	0.005649717514124294	0.005649717514124294
100	100	0.07246376811594203	0.007246376811594202	0.18115942028985507	0.09420289855072463	0.02898550724637681	0.07246376811594203	0.09420289855072463	0.02898550724637681	0.007246376811594202	0.02898550724637681	0.007246376811594202	0.007246376811594202	0.2028985507246377	0.07246376811594203	0.09420289855072463
101	101	0.17916666666666667	0.004166666666666667	0.004166666666666667	0.004166666666666667	0.16666666666666669	0.09166666666666666	0.004166666666666667	0.05416666666666666	0.004166666666666667	0.05416666666666666	0.004166666666666667	0.004166666666666667	0.004166666666666667	0.14166666666666666	0.2791666666666667
102	102	0.003333333333333333	0.06333333333333332	0.003333333333333333	0.023333333333333334	0.2633333333333333	0.003333333333333333	0.03333333333333333	0.09333333333333334	0.2633333333333333	0.003333333333333333	0.14333333333333334	0.003333333333333333	0.06333333333333332	0.003333333333333333	0.03333333333333333
103	103	0.009259259259259259	0.009259259259259259	0.06481481481481483	0.009259259259259259	0.2037037037037037	0.14814814814814814	0.037037037037037035	0.06481481481481483	0.009259259259259259	0.17592592592592593	0.009259259259259259	0.037037037037037035	0.17592592592592593	0.037037037037037035	0.009259259259259259
104	104	0.04861111111111111	0.19444444444444445	0.1111111111111111	0.34027777777777773	0.09027777777777778	0.006944444444444444	0.04861111111111111	0.006944444444444444	0.006944444444444444	0.006944444444444444	0.027777777777777776	0.027777777777777776	0.006944444444444444	0.006944444444444444	0.06944444444444445
105	105	0.20261437908496732	0.16339869281045752	0.16339869281045752	0.0261437908496732	0.0261437908496732	0.0065359477124183	0.0065359477124183	0.0261437908496732	0.1437908496732026	0.1437908496732026	0.0065359477124183	0.0261437908496732	0.0065359477124183	0.04575163398692811	0.0065359477124183
106	106	0.020833333333333332	0.08333333333333333	0.020833333333333332	0.020833333333333332	0.3333333333333333	0.020833333333333332	0.020833333333333332	0.020833333333333332	0.020833333333333332	0.08333333333333333	0.020833333333333332	0.14583333333333334	0.14583333333333334	0.020833333333333332	0.020833333333333332
107	107	0.007751937984496124	0.07751937984496124	0.031007751937984496	0.007751937984496124	0.007751937984496124	0.007751937984496124	0.007751937984496124	0.007751937984496124	0.031007751937984496	0.17054263565891473	0.1937984496124031	0.007751937984496124	0.37984496124031003	0.007751937984496124	0.054263565891472874
108	108	0.1435897435897436	0.09743589743589744	0.0358974358974359	0.005128205128205128	0.0358974358974359	0.05128205128205129	0.05128205128205129	0.005128205128205128	0.005128205128205128	0.005128205128205128	0.1435897435897436	0.005128205128205128	0.005128205128205128	0.05128205128205129	0.358974358974359
109	109	0.32575757575757575	0.05303030303030303	0.05303030303030303	0.0303030303030303	0.0303030303030303	0.21212121212121213	0.05303030303030303	0.0303030303030303	0.007575757575757575	0.07575757575757576	0.09848484848484848	0.007575757575757575	0.007575757575757575	0.007575757575757575	0.007575757575757575
110	110	0.03508771929824561	0.008771929824561403	0.008771929824561403	0.08771929824561404	0.2192982456140351	0.008771929824561403	0.008771929824561403	0.03508771929824561	0.03508771929824561	0.3508771929824562	0.03508771929824561	0.008771929824561403	0.11403508771929824	0.03508771929824561	0.008771929824561403
111	111	0.19047619047619047	0.047619047619047616	0.047619047619047616	0.047619047619047616	0.047619047619047616	0.19047619047619047	0.047619047619047616	0.047619047619047616	0.047619047619047616	0.047619047619047616	0.047619047619047616	0.047619047619047616	0.047619047619047616	0.047619047619047616	0.047619047619047616
112	112	0.05333333333333333	0.013333333333333332	0.013333333333333332	0.013333333333333332	0.41333333333333333	0.013333333333333332	0.05333333333333333	0.013333333333333332	0.13333333333333333	0.013333333333333332	0.13333333333333333	0.013333333333333332	0.09333333333333334	0.013333333333333332	0.013333333333333332
113	113	0.0028490028490028487	0.0028490028490028487	0.0028490028490028487	0.04558404558404558	0.1225071225071225	0.15669515669515668	0.11396011396011396	0.04558404558404558	0.0028490028490028487	0.019943019943019943	0.02849002849002849	0.0028490028490028487	0.02849002849002849	0.0028490028490028487	0.42165242165242167
114	114	0.2424242424242424	0.01515151515151515	0.01515151515151515	0.15151515151515152	0.01515151515151515	0.0606060606060606	0.0606060606060606	0.0606060606060606	0.01515151515151515	0.01515151515151515	0.15151515151515152	0.0606060606060606	0.01515151515151515	0.0606060606060606	0.0606060606060606
115	115	0.037037037037037035	0.0925925925925926	0.037037037037037035	0.39814814814814814	0.009259259259259259	0.06481481481481483	0.009259259259259259	0.009259259259259259	0.06481481481481483	0.009259259259259259	0.009259259259259259	0.06481481481481483	0.06481481481481483	0.12037037037037036	0.009259259259259259
116	116	0.45098039215686275	0.1568627450980392	0.06862745098039216	0.1568627450980392	0.00980392156862745	0.00980392156862745	0.0392156862745098	0.00980392156862745	0.00980392156862745	0.00980392156862745	0.00980392156862745	0.00980392156862745	0.00980392156862745	0.00980392156862745	0.0392156862745098
117	117	0.40952380952380957	0.18095238095238095	0.1238095238095238	0.009523809523809523	0.009523809523809523	0.03809523809523809	0.009523809523809523	0.009523809523809523	0.06666666666666667	0.03809523809523809	0.009523809523809523	0.009523809523809523	0.06666666666666667	0.009523809523809523	0.009523809523809523
118	118	0.17592592592592593	0.06481481481481483	0.009259259259259259	0.037037037037037035	0.12037037037037036	0.009259259259259259	0.009259259259259259	0.009259259259259259	0.06481481481481483	0.2037037037037037	0.12037037037037036	0.037037037037037035	0.009259259259259259	0.009259259259259259	0.12037037037037036
119	119	0.0065359477124183	0.0261437908496732	0.04575163398692811	0.0065359477124183	0.0261437908496732	0.0065359477124183	0.0065359477124183	0.0065359477124183	0.24183006535947713	0.0065359477124183	0.0065359477124183	0.0065359477124183	0.0261437908496732	0.5751633986928104	0.0065359477124183
120	120	0.12037037037037036	0.2314814814814815	0.009259259259259259	0.037037037037037035	0.0925925925925926	0.3425925925925926	0.009259259259259259	0.06481481481481483	0.009259259259259259	0.009259259259259259	0.009259259259259259	0.037037037037037035	0.009259259259259259	0.009259259259259259	0.009259259259259259
121	121	0.0101010101010101	0.0101010101010101	0.0101010101010101	0.10101010101010101	0.1616161616161616	0.10101010101010101	0.0101010101010101	0.1313131313131313	0.07070707070707072	0.0101010101010101	0.1919191919191919	0.0101010101010101	0.1313131313131313	0.0101010101010101	0.0404040404040404
122	122	0.021164021164021163	0.21164021164021166	0.03703703703703704	0.052910052910052914	0.10052910052910052	0.005291005291005291	0.10052910052910052	0.08465608465608465	0.03703703703703704	0.005291005291005291	0.06878306878306878	0.021164021164021163	0.005291005291005291	0.03703703703703704	0.21164021164021166
123	123	0.35802469135802467	0.04320987654320988	0.024691358024691357	0.154320987654321	0.0617283950617284	0.006172839506172839	0.006172839506172839	0.024691358024691357	0.006172839506172839	0.024691358024691357	0.09876543209876543	0.006172839506172839	0.154320987654321	0.006172839506172839	0.024691358024691357
124	124	0.007936507936507936	0.3650793650793651	0.031746031746031744	0.007936507936507936	0.007936507936507936	0.031746031746031744	0.3650793650793651	0.007936507936507936	0.031746031746031744	0.05555555555555556	0.007936507936507936	0.007936507936507936	0.05555555555555556	0.007936507936507936	0.007936507936507936
125	125	0.017543859649122806	0.017543859649122806	0.017543859649122806	0.017543859649122806	0.017543859649122806	0.017543859649122806	0.017543859649122806	0.1754385964912281	0.017543859649122806	0.1754385964912281	0.017543859649122806	0.017543859649122806	0.07017543859649122	0.1754385964912281	0.22807017543859648
126	126	0.012345679012345678	0.012345679012345678	0.012345679012345678	0.012345679012345678	0.1234567901234568	0.012345679012345678	0.012345679012345678	0.012345679012345678	0.5308641975308642	0.16049382716049382	0.012345679012345678	0.012345679012345678	0.012345679012345678	0.012345679012345678	0.04938271604938271
127	127	0.06666666666666667	0.15238095238095237	0.3523809523809524	0.1238095238095238	0.009523809523809523	0.009523809523809523	0.06666666666666667	0.03809523809523809	0.09523809523809525	0.009523809523809523	0.009523809523809523	0.009523809523809523	0.009523809523809523	0.009523809523809523	0.03809523809523809
