0	0	0.012345679012345678	0.19753086419753085	0.012345679012345678	0.5308641975308642	0.012345679012345678	0.012345679012345678	0.04938271604938271	0.012345679012345678	0.012345679012345678	0.012345679012345678	0.04938271604938271	0.012345679012345678	0.012345679012345678	0.012345679012345678	0.04938271604938271
1	1	0.0101010101010101	0.07070707070707072	0.0101010101010101	0.0101010101010101	0.0101010101010101	0.0101010101010101	0.07070707070707072	0.25252525252525254	0.10101010101010101	0.0101010101010101	0.40404040404040403	0.0101010101010101	0.0101010101010101	0.0101010101010101	0.0101010101010101
2	2	0.1111111111111111	0.034188034188034185	0.034188034188034185	0.034188034188034185	0.034188034188034185	0.008547008547008546	0.3418803418803419	0.008547008547008546	0.05982905982905983	0.008547008547008546	0.008547008547008546	0.05982905982905983	0.008547008547008546	0.23931623931623933	0.008547008547008546
3	3	0.007575757575757575	0.32575757575757575	0.05303030303030303	0.09848484848484848	0.1212121212121212	0.0303030303030303	0.007575757575757575	0.25757575757575757	0.007575757575757575	0.007575757575757575	0.0303030303030303	0.007575757575757575	0.007575757575757575	0.0303030303030303	0.007575757575757575
4	4	0.008771929824561403	0.2192982456140351	0.08771929824561404	0.4298245614035087	0.03508771929824561	0.008771929824561403	0.008771929824561403	0.008771929824561403	0.008771929824561403	0.008771929824561403	0.03508771929824561	0.008771929824561403	0.06140350877192983	0.008771929824561403	0.06140350877192983
5	5	0.015873015873015872	0.3492063492063492	0.06349206349206349	0.015873015873015872	0.06349206349206349	0.015873015873015872	0.30158730158730157	0.015873015873015872	0.015873015873015872	0.015873015873015872	0.06349206349206349	0.015873015873015872	0.015873015873015872	0.015873015873015872	0.015873015873015872
6	6	0.0392156862745098	0.00980392156862745	0.00980392156862745	0.00980392156862745	0.00980392156862745	0.00980392156862745	0.0392156862745098	0.12745098039215685	0.2450980392156863	0.00980392156862745	0.00980392156862745	0.0392156862745098	0.33333333333333337	0.00980392156862745	0.09803921568627451
7	7	0.008547008547008546	0.008547008547008546	0.034188034188034185	0.034188034188034185	0.008547008547008546	0.08547008547008547	0.034188034188034185	0.18803418803418803	0.41880341880341876	0.05982905982905983	0.008547008547008546	0.008547008547008546	0.08547008547008547	0.008547008547008546	0.008547008547008546
8	8	0.020833333333333332	0.20833333333333334	0.020833333333333332	0.020833333333333332	0.08333333333333333	0.020833333333333332	0.4583333333333333	0.020833333333333332	0.020833333333333332	0.020833333333333332	0.020833333333333332	0.020833333333333332	0.020833333333333332	0.020833333333333332	0.020833333333333332
9	9	0.010416666666666666	0.13541666666666666	0.010416666666666666	0.010416666666666666	0.010416666666666666	0.010416666666666666	0.010416666666666666	0.010416666666666666	0.041666666666666664	0.07291666666666667	0.07291666666666667	0.010416666666666666	0.5729166666666666	0.010416666666666666	0.010416666666666666
10	10	0.2111111111111111	0.04444444444444444	0.01111111111111111	0.01111111111111111	0.01111111111111111	0.01111111111111111	0.04444444444444444	0.07777777777777778	0.01111111111111111	0.01111111111111111	0.11111111111111112	0.01111111111111111	0.04444444444444444	0.34444444444444444	0.04444444444444444
11	11	0.01075268817204301	0.33333333333333337	0.01075268817204301	0.04301075268817204	0.04301075268817204	0.01075268817204301	0.2688172043010753	0.01075268817204301	0.13978494623655913	0.04301075268817204	0.01075268817204301	0.04301075268817204	0.01075268817204301	0.01075268817204301	0.01075268817204301
12	12	0.008771929824561403	0.03508771929824561	0.29824561403508776	0.06140350877192983	0.008771929824561403	0.06140350877192983	0.03508771929824561	0.08771929824561404	0.008771929824561403	0.008771929824561403	0.008771929824561403	0.03508771929824561	0.2719298245614035	0.06140350877192983	0.008771929824561403
13	13	0.013333333333333332	0.21333333333333332	0.013333333333333332	0.13333333333333333	0.013333333333333332	0.05333333333333333	0.013333333333333332	0.013333333333333332	0.05333333333333333	0.013333333333333332	0.013333333333333332	0.013333333333333332	0.013333333333333332	0.33333333333333337	0.09333333333333334
14	14	0.010416666666666666	0.010416666666666666	0.07291666666666667	0.010416666666666666	0.010416666666666666	0.6041666666666666	0.010416666666666666	0.07291666666666667	0.010416666666666666	0.010416666666666666	0.041666666666666664	0.07291666666666667	0.041666666666666664	0.010416666666666666	0.010416666666666666
15	15	0.047619047619047616	0.047619047619047616	0.047619047619047616	0.047619047619047616	0.19047619047619047	0.047619047619047616	0.047619047619047616	0.19047619047619047	0.047619047619047616	0.047619047619047616	0.047619047619047616	0.047619047619047616	0.047619047619047616	0.047619047619047616	0.047619047619047616
16	16	0.08205128205128205	0.020512820512820513	0.005128205128205128	0.17435897435897438	0.005128205128205128	0.005128205128205128	0.005128205128205128	0.20512820512820515	0.005128205128205128	0.005128205128205128	0.005128205128205128	0.0358974358974359	0.005128205128205128	0.3282051282051282	0.11282051282051282
17	17	0.012345679012345678	0.08641975308641976	0.012345679012345678	0.19753086419753085	0.012345679012345678	0.012345679012345678	0.012345679012345678	0.012345679012345678	0.012345679012345678	0.1234567901234568	0.012345679012345678	0.04938271604938271	0.16049382716049382	0.012345679012345678	0.2716049382716049
18	18	0.01075268817204301	0.01075268817204301	0.04301075268817204	0.01075268817204301	0.01075268817204301	0.01075268817204301	0.23655913978494622	0.01075268817204301	0.01075268817204301	0.01075268817204301	0.3655913978494624	0.01075268817204301	0.2043010752688172	0.01075268817204301	0.04301075268817204
19	19	0.010416666666666666	0.041666666666666664	0.19791666666666666	0.010416666666666666	0.010416666666666666	0.010416666666666666	0.010416666666666666	0.010416666666666666	0.010416666666666666	0.19791666666666666	0.041666666666666664	0.010416666666666666	0.3854166666666667	0.010416666666666666	0.041666666666666664
20	20	0.03333333333333333	0.03333333333333333	0.03333333333333333	0.03333333333333333	0.23333333333333334	0.03333333333333333	0.23333333333333334	0.03333333333333333	0.03333333333333333	0.03333333333333333	0.03333333333333333	0.03333333333333333	0.03333333333333333	0.13333333333333333	0.03333333333333333
21	21	0.01075268817204301	0.04301075268817204	0.10752688172043011	0.17204301075268816	0.07526881720430108	0.01075268817204301	0.07526881720430108	0.13978494623655913	0.01075268817204301	0.13978494623655913	0.01075268817204301	0.01075268817204301	0.10752688172043011	0.07526881720430108	0.01075268817204301
22	22	0.010416666666666666	0.2604166666666667	0.07291666666666667	0.10416666666666667	0.07291666666666667	0.07291666666666667	0.010416666666666666	0.07291666666666667	0.010416666666666666	0.010416666666666666	0.041666666666666664	0.041666666666666664	0.19791666666666666	0.010416666666666666	0.010416666666666666
23	23	0.009259259259259259	0.2037037037037037	0.2037037037037037	0.009259259259259259	0.009259259259259259	0.037037037037037035	0.2314814814814815	0.037037037037037035	0.06481481481481483	0.009259259259259259	0.06481481481481483	0.009259259259259259	0.037037037037037035	0.009259259259259259	0.06481481481481483
24	24	0.1888888888888889	0.005555555555555555	0.005555555555555555	0.05555555555555556	0.07222222222222222	0.2722222222222222	0.03888888888888889	0.005555555555555555	0.03888888888888889	0.02222222222222222	0.02222222222222222	0.1888888888888889	0.005555555555555555	0.05555555555555556	0.02222222222222222
25	25	0.02222222222222222	0.02222222222222222	0.02222222222222222	0.02222222222222222	0.4222222222222222	0.08888888888888888	0.02222222222222222	0.08888888888888888	0.02222222222222222	0.02222222222222222	0.15555555555555556	0.02222222222222222	0.02222222222222222	0.02222222222222222	0.02222222222222222
26	26	0.00980392156862745	0.00980392156862745	0.00980392156862745	0.0392156862745098	0.00980392156862745	0.00980392156862745	0.00980392156862745	0.00980392156862745	0.00980392156862745	0.00980392156862745	0.6568627450980392	0.00980392156862745	0.00980392156862745	0.18627450980392157	0.00980392156862745
27	27	0.43650793650793646	0.031746031746031744	0.007936507936507936	0.007936507936507936	0.007936507936507936	0.007936507936507936	0.007936507936507936	0.007936507936507936	0.031746031746031744	0.24603174603174605	0.007936507936507936	0.007936507936507936	0.031746031746031744	0.007936507936507936	0.15079365079365079
28	28	0.023809523809523808	0.023809523809523808	0.2380952380952381	0.09523809523809523	0.023809523809523808	0.023809523809523808	0.09523809523809523	0.023809523809523808	0.023809523809523808	0.09523809523809523	0.023809523809523808	0.023809523809523808	0.16666666666666669	0.09523809523809523	0.023809523809523808
29	29	0.18803418803418803	0.008547008547008546	0.008547008547008546	0.18803418803418803	0.08547008547008547	0.1111111111111111	0.008547008547008546	0.2136752136752137	0.008547008547008546	0.13675213675213674	0.008547008547008546	0.008547008547008546	0.008547008547008546	0.008547008547008546	0.008547008547008546
30	30	0.0065359477124183	0.0065359477124183	0.1045751633986928	0.22222222222222224	0.0261437908496732	0.0065359477124183	0.0065359477124183	0.04575163398692811	0.0065359477124183	0.0065359477124183	0.0065359477124183	0.0065359477124183	0.1437908496732026	0.0065359477124183	0.3986928104575163
31	31	0.06467661691542288	0.12437810945273632	0.10945273631840796	0.004975124378109453	0.07960199004975124	0.004975124378109453	0.004975124378109453	0.22885572139303484	0.004975124378109453	0.03482587064676617	0.01990049751243781	0.004975124378109453	0.24378109452736316	0.004975124378109453	0.06467661691542288
32	32	0.020833333333333332	0.08333333333333333	0.020833333333333332	0.020833333333333332	0.020833333333333332	0.020833333333333332	0.3958333333333333	0.020833333333333332	0.08333333333333333	0.08333333333333333	0.020833333333333332	0.020833333333333332	0.020833333333333332	0.020833333333333332	0.14583333333333334
33	33	0.011494252873563218	0.011494252873563218	0.39080459770114945	0.011494252873563218	0.011494252873563218	0.04597701149425287	0.011494252873563218	0.04597701149425287	0.21839080459770113	0.14942528735632182	0.011494252873563218	0.011494252873563218	0.011494252873563218	0.011494252873563218	0.04597701149425287
34	34	0.02564102564102564	0.02564102564102564	0.02564102564102564	0.02564102564102564	0.02564102564102564	0.02564102564102564	0.02564102564102564	0.02564102564102564	0.02564102564102564	0.6410256410256411	0.02564102564102564	0.02564102564102564	0.02564102564102564	0.02564102564102564	0.02564102564102564
35	35	0.007407407407407407	0.22962962962962966	0.007407407407407407	0.14074074074074072	0.029629629629629627	0.007407407407407407	0.11851851851851851	0.05185185185185186	0.20740740740740743	0.007407407407407407	0.029629629629629627	0.007407407407407407	0.11851851851851851	0.007407407407407407	0.029629629629629627
36	36	0.007407407407407407	0.22962962962962966	0.1851851851851852	0.007407407407407407	0.029629629629629627	0.11851851851851851	0.007407407407407407	0.007407407407407407	0.05185185185185186	0.007407407407407407	0.1851851851851852	0.14074074074074072	0.007407407407407407	0.007407407407407407	0.007407407407407407
37	37	0.018518518518518517	0.018518518518518517	0.018518518518518517	0.018518518518518517	0.07407407407407407	0.018518518518518517	0.5185185185185186	0.07407407407407407	0.018518518518518517	0.018518518518518517	0.018518518518518517	0.018518518518518517	0.018518518518518517	0.018518518518518517	0.12962962962962965
38	38	0.02564102564102564	0.02564102564102564	0.02564102564102564	0.02564102564102564	0.02564102564102564	0.02564102564102564	0.02564102564102564	0.10256410256410256	0.02564102564102564	0.02564102564102564	0.02564102564102564	0.1794871794871795	0.3333333333333333	0.02564102564102564	0.10256410256410256
39	39	0.07407407407407407	0.07407407407407407	0.018518518518518517	0.35185185185185186	0.07407407407407407	0.018518518518518517	0.07407407407407407	0.018518518518518517	0.12962962962962965	0.07407407407407407	0.018518518518518517	0.018518518518518517	0.018518518518518517	0.018518518518518517	0.018518518518518517
40	40	0.01075268817204301	0.01075268817204301	0.01075268817204301	0.01075268817204301	0.01075268817204301	0.3655913978494624	0.01075268817204301	0.04301075268817204	0.17204301075268816	0.01075268817204301	0.13978494623655913	0.01075268817204301	0.10752688172043011	0.01075268817204301	0.07526881720430108
41	41	0.08641975308641976	0.16049382716049382	0.2716049382716049	0.012345679012345678	0.04938271604938271	0.012345679012345678	0.2345679012345679	0.012345679012345678	0.012345679012345678	0.012345679012345678	0.012345679012345678	0.012345679012345678	0.08641975308641976	0.012345679012345678	0.012345679012345678
42	42	0.014492753623188404	0.18840579710144925	0.014492753623188404	0.014492753623188404	0.014492753623188404	0.014492753623188404	0.10144927536231885	0.23188405797101447	0.014492753623188404	0.014492753623188404	0.014492753623188404	0.05797101449275362	0.18840579710144925	0.10144927536231885	0.014492753623188404
43	43	0.027777777777777776	0.04861111111111111	0.13194444444444445	0.19444444444444445	0.06944444444444445	0.006944444444444444	0.006944444444444444	0.2777777777777778	0.006944444444444444	0.006944444444444444	0.09027777777777778	0.006944444444444444	0.006944444444444444	0.1111111111111111	0.006944444444444444
44	44	0.4035087719298246	0.008771929824561403	0.008771929824561403	0.14035087719298245	0.11403508771929824	0.008771929824561403	0.008771929824561403	0.08771929824561404	0.008771929824561403	0.06140350877192983	0.008771929824561403	0.03508771929824561	0.06140350877192983	0.008771929824561403	0.03508771929824561
45	45	0.02564102564102564	0.02564102564102564	0.02564102564102564	0.02564102564102564	0.02564102564102564	0.02564102564102564	0.02564102564102564	0.02564102564102564	0.02564102564102564	0.6410256410256411	0.02564102564102564	0.02564102564102564	0.02564102564102564	0.02564102564102564	0.02564102564102564
46	46	0.04597701149425287	0.04597701149425287	0.14942528735632182	0.011494252873563218	0.11494252873563218	0.08045977011494253	0.011494252873563218	0.011494252873563218	0.011494252873563218	0.14942528735632182	0.011494252873563218	0.011494252873563218	0.2873563218390805	0.011494252873563218	0.04597701149425287
47	47	0.017543859649122806	0.12280701754385966	0.07017543859649122	0.017543859649122806	0.017543859649122806	0.017543859649122806	0.017543859649122806	0.017543859649122806	0.017543859649122806	0.3333333333333333	0.017543859649122806	0.22807017543859648	0.07017543859649122	0.017543859649122806	0.017543859649122806
48	48	0.01111111111111111	0.3111111111111111	0.07777777777777778	0.01111111111111111	0.01111111111111111	0.04444444444444444	0.01111111111111111	0.01111111111111111	0.01111111111111111	0.01111111111111111	0.01111111111111111	0.01111111111111111	0.4444444444444445	0.01111111111111111	0.01111111111111111
49	49	0.07936507936507937	0.07936507936507937	0.12698412698412698	0.007936507936507936	0.05555555555555556	0.007936507936507936	0.007936507936507936	0.05555555555555556	0.007936507936507936	0.031746031746031744	0.007936507936507936	0.031746031746031744	0.29365079365079366	0.007936507936507936	0.19841269841269843
50	50	0.014492753623188404	0.23188405797101447	0.014492753623188404	0.05797101449275362	0.2753623188405797	0.014492753623188404	0.014492753623188404	0.014492753623188404	0.14492753623188406	0.014492753623188404	0.05797101449275362	0.10144927536231885	0.014492753623188404	0.014492753623188404	0.014492753623188404
51	51	0.15476190476190474	0.011904761904761904	0.011904761904761904	0.047619047619047616	0.011904761904761904	0.011904761904761904	0.047619047619047616	0.011904761904761904	0.19047619047619047	0.08333333333333334	0.047619047619047616	0.047619047619047616	0.19047619047619047	0.011904761904761904	0.11904761904761905
52	52	0.008130081300813007	0.15447154471544713	0.03252032520325203	0.008130081300813007	0.22764227642276424	0.008130081300813007	0.05691056910569106	0.03252032520325203	0.008130081300813007	0.05691056910569106	0.008130081300813007	0.05691056910569106	0.2764227642276423	0.008130081300813007	0.05691056910569106
53	53	0.05333333333333333	0.09333333333333334	0.05333333333333333	0.13333333333333333	0.013333333333333332	0.013333333333333332	0.013333333333333332	0.13333333333333333	0.013333333333333332	0.09333333333333334	0.09333333333333334	0.013333333333333332	0.13333333333333333	0.05333333333333333	0.09333333333333334
54	54	0.01111111111111111	0.04444444444444444	0.01111111111111111	0.01111111111111111	0.04444444444444444	0.01111111111111111	0.5444444444444444	0.04444444444444444	0.04444444444444444	0.01111111111111111	0.17777777777777776	0.01111111111111111	0.01111111111111111	0.01111111111111111	0.01111111111111111
55	55	0.03333333333333333	0.23333333333333334	0.03333333333333333	0.03333333333333333	0.03333333333333333	0.03333333333333333	0.03333333333333333	0.03333333333333333	0.03333333333333333	0.13333333333333333	0.03333333333333333	0.23333333333333334	0.03333333333333333	0.03333333333333333	0.03333333333333333
56	56	0.02564102564102564	0.02564102564102564	0.02564102564102564	0.02564102564102564	0.02564102564102564	0.02564102564102564	0.02564102564102564	0.02564102564102564	0.02564102564102564	0.6410256410256411	0.02564102564102564	0.02564102564102564	0.02564102564102564	0.02564102564102564	0.02564102564102564
57	57	0.009259259259259259	0.0925925925925926	0.037037037037037035	0.009259259259259259	0.0925925925925926	0.009259259259259259	0.3148148148148148	0.037037037037037035	0.037037037037037035	0.12037037037037036	0.009259259259259259	0.009259259259259259	0.06481481481481483	0.037037037037037035	0.12037037037037036
58	58	0.00980392156862745	0.00980392156862745	0.12745098039215685	0.12745098039215685	0.00980392156862745	0.09803921568627451	0.00980392156862745	0.12745098039215685	0.00980392156862745	0.00980392156862745	0.00980392156862745	0.0392156862745098	0.27450980392156865	0.00980392156862745	0.12745098039215685
59	59	0.047619047619047616	0.047619047619047616	0.047619047619047616	0.047619047619047616	0.047619047619047616	0.047619047619047616	0.047619047619047616	0.047619047619047616	0.19047619047619047	0.047619047619047616	0.047619047619047616	0.047619047619047616	0.047619047619047616	0.19047619047619047	0.047619047619047616
60	60	0.08333333333333333	0.020833333333333332	0.020833333333333332	0.020833333333333332	0.020833333333333332	0.020833333333333332	0.020833333333333332	0.020833333333333332	0.020833333333333332	0.020833333333333332	0.020833333333333332	0.08333333333333333	0.5833333333333334	0.020833333333333332	0.020833333333333332
61	61	0.01111111111111111	0.14444444444444443	0.04444444444444444	0.14444444444444443	0.01111111111111111	0.01111111111111111	0.01111111111111111	0.01111111111111111	0.04444444444444444	0.01111111111111111	0.01111111111111111	0.01111111111111111	0.11111111111111112	0.24444444444444444	0.17777777777777776
62	62	0.00980392156862745	0.00980392156862745	0.12745098039215685	0.0392156862745098	0.0392156862745098	0.18627450980392157	0.00980392156862745	0.06862745098039216	0.0392156862745098	0.0392156862745098	0.00980392156862745	0.303921568627451	0.0392156862745098	0.06862745098039216	0.00980392156862745
63	63	0.023809523809523808	0.023809523809523808	0.023809523809523808	0.38095238095238093	0.023809523809523808	0.023809523809523808	0.023809523809523808	0.023809523809523808	0.023809523809523808	0.3095238095238095	0.023809523809523808	0.023809523809523808	0.023809523809523808	0.023809523809523808	0.023809523809523808
64	64	0.13725490196078433	0.3137254901960784	0.0196078431372549	0.2549019607843137	0.0196078431372549	0.0196078431372549	0.0196078431372549	0.0784313725490196	0.0196078431372549	0.0196078431372549	0.0196078431372549	0.0196078431372549	0.0196078431372549	0.0196078431372549	0.0196078431372549
65	65	0.11111111111111112	0.11111111111111112	0.015873015873015872	0.015873015873015872	0.015873015873015872	0.015873015873015872	0.11111111111111112	0.015873015873015872	0.06349206349206349	0.015873015873015872	0.015873015873015872	0.015873015873015872	0.015873015873015872	0.30158730158730157	0.15873015873015875
66	66	0.0303030303030303	0.1212121212121212	0.0303030303030303	0.0303030303030303	0.1212121212121212	0.0303030303030303	0.0303030303030303	0.0303030303030303	0.1212121212121212	0.0303030303030303	0.30303030303030304	0.0303030303030303	0.0303030303030303	0.0303030303030303	0.0303030303030303
67	67	0.016666666666666666	0.016666666666666666	0.11666666666666667	0.4166666666666667	0.016666666666666666	0.016666666666666666	0.06666666666666667	0.06666666666666667	0.016666666666666666	0.016666666666666666	0.06666666666666667	0.016666666666666666	0.06666666666666667	0.016666666666666666	0.06666666666666667
68	68	0.02564102564102564	0.02564102564102564	0.02564102564102564	0.1794871794871795	0.02564102564102564	0.02564102564102564	0.3333333333333333	0.02564102564102564	0.1794871794871795	0.02564102564102564	0.02564102564102564	0.02564102564102564	0.02564102564102564	0.02564102564102564	0.02564102564102564
69	69	0.10752688172043011	0.33333333333333337	0.01075268817204301	0.04301075268817204	0.07526881720430108	0.01075268817204301	0.13978494623655913	0.01075268817204301	0.01075268817204301	0.10752688172043011	0.01075268817204301	0.10752688172043011	0.01075268817204301	0.01075268817204301	0.01075268817204301
70	70	0.007936507936507936	0.007936507936507936	0.007936507936507936	0.38888888888888884	0.3174603174603175	0.007936507936507936	0.007936507936507936	0.10317460317460317	0.007936507936507936	0.007936507936507936	0.007936507936507936	0.031746031746031744	0.007936507936507936	0.07936507936507937	0.007936507936507936
71	71	0.009259259259259259	0.2037037037037037	0.037037037037037035	0.009259259259259259	0.009259259259259259	0.037037037037037035	0.009259259259259259	0.037037037037037035	0.06481481481481483	0.009259259259259259	0.009259259259259259	0.009259259259259259	0.5092592592592592	0.037037037037037035	0.009259259259259259
72	72	0.008547008547008546	0.008547008547008546	0.008547008547008546	0.008547008547008546	0.23931623931623933	0.008547008547008546	0.4444444444444444	0.05982905982905983	0.034188034188034185	0.034188034188034185	0.008547008547008546	0.008547008547008546	0.08547008547008547	0.034188034188034185	0.008547008547008546
73	73	0.031746031746031744	0.031746031746031744	0.07936507936507937	0.007936507936507936	0.007936507936507936	0.031746031746031744	0.007936507936507936	0.007936507936507936	0.24603174603174605	0.031746031746031744	0.007936507936507936	0.1746031746031746	0.007936507936507936	0.2698412698412699	0.05555555555555556
74	74	0.08547008547008547	0.23931623931623933	0.008547008547008546	0.26495726495726496	0.008547008547008546	0.1111111111111111	0.008547008547008546	0.1111111111111111	0.008547008547008546	0.008547008547008546	0.008547008547008546	0.08547008547008547	0.034188034188034185	0.008547008547008546	0.008547008547008546
75	75	0.17777777777777776	0.17777777777777776	0.04444444444444444	0.11111111111111112	0.01111111111111111	0.01111111111111111	0.01111111111111111	0.01111111111111111	0.01111111111111111	0.01111111111111111	0.14444444444444443	0.01111111111111111	0.17777777777777776	0.07777777777777778	0.01111111111111111
76	76	0.0065359477124183	0.3986928104575163	0.0261437908496732	0.0065359477124183	0.20261437908496732	0.0065359477124183	0.0065359477124183	0.0065359477124183	0.0065359477124183	0.0065359477124183	0.0065359477124183	0.0261437908496732	0.26143790849673204	0.0261437908496732	0.0065359477124183
77	77	0.034188034188034185	0.034188034188034185	0.3162393162393163	0.008547008547008546	0.1111111111111111	0.034188034188034185	0.05982905982905983	0.13675213675213674	0.008547008547008546	0.13675213675213674	0.008547008547008546	0.008547008547008546	0.08547008547008547	0.008547008547008546	0.008547008547008546
78	78	0.01282051282051282	0.16666666666666666	0.12820512820512822	0.01282051282051282	0.12820512820512822	0.05128205128205128	0.01282051282051282	0.01282051282051282	0.08974358974358974	0.01282051282051282	0.01282051282051282	0.01282051282051282	0.16666666666666666	0.16666666666666666	0.01282051282051282
79	79	0.02564102564102564	0.02564102564102564	0.02564102564102564	0.02564102564102564	0.02564102564102564	0.02564102564102564	0.02564102564102564	0.02564102564102564	0.02564102564102564	0.6410256410256411	0.02564102564102564	0.02564102564102564	0.02564102564102564	0.02564102564102564	0.02564102564102564
80	80	0.0303030303030303	0.0303030303030303	0.1212121212121212	0.0303030303030303	0.1212121212121212	0.21212121212121213	0.0303030303030303	0.0303030303030303	0.0303030303030303	0.0303030303030303	0.0303030303030303	0.0303030303030303	0.1212121212121212	0.1212121212121212	0.0303030303030303
81	81	0.011494252873563218	0.011494252873563218	0.011494252873563218	0.2873563218390805	0.011494252873563218	0.011494252873563218	0.011494252873563218	0.1839080459770115	0.011494252873563218	0.011494252873563218	0.1839080459770115	0.1839080459770115	0.04597701149425287	0.011494252873563218	0.011494252873563218
82	82	0.02564102564102564	0.02564102564102564	0.02564102564102564	0.02564102564102564	0.02564102564102564	0.02564102564102564	0.02564102564102564	0.02564102564102564	0.02564102564102564	0.6410256410256411	0.02564102564102564	0.02564102564102564	0.02564102564102564	0.02564102564102564	0.02564102564102564
83	83	0.0101010101010101	0.1616161616161616	0.0101010101010101	0.4949494949494949	0.0101010101010101	0.0101010101010101	0.0101010101010101	0.0404040404040404	0.0101010101010101	0.0101010101010101	0.0101010101010101	0.07070707070707072	0.1313131313131313	0.0101010101010101	0.0101010101010101
84	84	0.004901960784313725	0.2549019607843137	0.03431372549019608	0.004901960784313725	0.09313725490196079	0.0196078431372549	0.004901960784313725	0.03431372549019608	0.1519607843137255	0.1519607843137255	0.09313725490196079	0.03431372549019608	0.03431372549019608	0.0784313725490196	0.004901960784313725
85	85	0.013333333333333332	0.05333333333333333	0.013333333333333332	0.2533333333333333	0.013333333333333332	0.05333333333333333	0.013333333333333332	0.33333333333333337	0.09333333333333334	0.013333333333333332	0.013333333333333332	0.013333333333333332	0.013333333333333332	0.05333333333333333	0.05333333333333333
86	86	0.10256410256410256	0.10256410256410256	0.10256410256410256	0.10256410256410256	0.02564102564102564	0.02564102564102564	0.25641025641025644	0.02564102564102564	0.02564102564102564	0.02564102564102564	0.02564102564102564	0.02564102564102564	0.10256410256410256	0.02564102564102564	0.02564102564102564
87	87	0.017543859649122806	0.017543859649122806	0.07017543859649122	0.017543859649122806	0.017543859649122806	0.017543859649122806	0.017543859649122806	0.07017543859649122	0.07017543859649122	0.07017543859649122	0.07017543859649122	0.017543859649122806	0.38596491228070173	0.017543859649122806	0.12280701754385966
88	88	0.020833333333333332	0.020833333333333332	0.08333333333333333	0.020833333333333332	0.020833333333333332	0.020833333333333332	0.020833333333333332	0.08333333333333333	0.20833333333333334	0.3333333333333333	0.020833333333333332	0.020833333333333332	0.08333333333333333	0.020833333333333332	0.020833333333333332
89	89	0.007575757575757575	0.14393939393939392	0.007575757575757575	0.007575757575757575	0.007575757575757575	0.05303030303030303	0.007575757575757575	0.05303030303030303	0.007575757575757575	0.25757575757575757	0.007575757575757575	0.0303030303030303	0.3939393939393939	0.007575757575757575	0.007575757575757575
90	90	0.005555555555555555	0.005555555555555555	0.005555555555555555	0.005555555555555555	0.005555555555555555	0.005555555555555555	0.005555555555555555	0.005555555555555555	0.22222222222222224	0.005555555555555555	0.28888888888888886	0.07222222222222222	0.2388888888888889	0.08888888888888888	0.03888888888888889
91	91	0.031007751937984496	0.031007751937984496	0.007751937984496124	0.007751937984496124	0.17054263565891473	0.007751937984496124	0.14728682170542634	0.054263565891472874	0.26356589147286824	0.007751937984496124	0.007751937984496124	0.007751937984496124	0.007751937984496124	0.24031007751937986	0.007751937984496124
92	92	0.17777777777777776	0.11111111111111112	0.01111111111111111	0.4777777777777778	0.01111111111111111	0.01111111111111111	0.01111111111111111	0.01111111111111111	0.01111111111111111	0.01111111111111111	0.01111111111111111	0.01111111111111111	0.01111111111111111	0.04444444444444444	0.07777777777777778
93	93	0.016666666666666666	0.06666666666666667	0.06666666666666667	0.016666666666666666	0.016666666666666666	0.11666666666666667	0.016666666666666666	0.016666666666666666	0.11666666666666667	0.016666666666666666	0.016666666666666666	0.016666666666666666	0.21666666666666665	0.11666666666666667	0.16666666666666669
94	94	0.007246376811594202	0.007246376811594202	0.2028985507246377	0.11594202898550723	0.007246376811594202	0.2028985507246377	0.02898550724637681	0.007246376811594202	0.18115942028985507	0.02898550724637681	0.007246376811594202	0.007246376811594202	0.02898550724637681	0.050724637681159424	0.11594202898550723
95	95	0.012345679012345678	0.308641975308642	0.012345679012345678	0.16049382716049382	0.012345679012345678	0.012345679012345678	0.012345679012345678	0.012345679012345678	0.1234567901234568	0.012345679012345678	0.08641975308641976	0.012345679012345678	0.19753086419753085	0.012345679012345678	0.012345679012345678
96	96	0.02222222222222222	0.02222222222222222	0.08888888888888888	0.15555555555555556	0.02222222222222222	0.15555555555555556	0.22222222222222224	0.08888888888888888	0.02222222222222222	0.02222222222222222	0.02222222222222222	0.02222222222222222	0.08888888888888888	0.02222222222222222	0.02222222222222222
97	97	0.13333333333333333	0.03333333333333333	0.03333333333333333	0.03333333333333333	0.03333333333333333	0.03333333333333333	0.03333333333333333	0.03333333333333333	0.03333333333333333	0.13333333333333333	0.03333333333333333	0.03333333333333333	0.03333333333333333	0.33333333333333337	0.03333333333333333
98	98	0.01111111111111111	0.5444444444444444	0.01111111111111111	0.07777777777777778	0.04444444444444444	0.01111111111111111	0.01111111111111111	0.01111111111111111	0.01111111111111111	0.01111111111111111	0.04444444444444444	0.04444444444444444	0.11111111111111112	0.04444444444444444	0.01111111111111111
99	99	0.12962962962962965	0.24074074074074073	0.018518518518518517	0.2962962962962963	0.018518518518518517	0.018518518518518517	0.018518518518518517	0.018518518518518517	0.018518518518518517	0.018518518518518517	0.018518518518518517	0.018518518518518517	0.12962962962962965	0.018518518518518517	0.018518518518518517
100	100	0.018518518518518517	0.07407407407407407	0.018518518518518517	0.07407407407407407	0.07407407407407407	0.018518518518518517	0.4074074074074074	0.12962962962962965	0.07407407407407407	0.018518518518518517	0.018518518518518517	0.018518518518518517	0.018518518518518517	0.018518518518518517	0.018518518518518517
101	101	0.1733333333333333	0.013333333333333332	0.09333333333333334	0.09333333333333334	0.13333333333333333	0.013333333333333332	0.013333333333333332	0.013333333333333332	0.013333333333333332	0.013333333333333332	0.13333333333333333	0.013333333333333332	0.13333333333333333	0.013333333333333332	0.13333333333333333
102	102	0.016666666666666666	0.36666666666666664	0.016666666666666666	0.21666666666666665	0.016666666666666666	0.016666666666666666	0.016666666666666666	0.016666666666666666	0.016666666666666666	0.016666666666666666	0.016666666666666666	0.016666666666666666	0.21666666666666665	0.016666666666666666	0.016666666666666666
103	103	0.018518518518518517	0.462962962962963	0.018518518518518517	0.1851851851851852	0.018518518518518517	0.018518518518518517	0.07407407407407407	0.018518518518518517	0.018518518518518517	0.018518518518518517	0.018518518518518517	0.018518518518518517	0.07407407407407407	0.018518518518518517	0.018518518518518517
104	104	0.027777777777777776	0.5277777777777778	0.027777777777777776	0.027777777777777776	0.027777777777777776	0.027777777777777776	0.027777777777777776	0.027777777777777776	0.1111111111111111	0.027777777777777776	0.027777777777777776	0.027777777777777776	0.027777777777777776	0.027777777777777776	0.027777777777777776
105	105	0.0101010101010101	0.1313131313131313	0.0101010101010101	0.0101010101010101	0.0101010101010101	0.0101010101010101	0.2222222222222222	0.0404040404040404	0.25252525252525254	0.2222222222222222	0.0101010101010101	0.0101010101010101	0.0101010101010101	0.0101010101010101	0.0404040404040404
106	106	0.01282051282051282	0.01282051282051282	0.01282051282051282	0.01282051282051282	0.05128205128205128	0.01282051282051282	0.01282051282051282	0.01282051282051282	0.01282051282051282	0.782051282051282	0.01282051282051282	0.01282051282051282	0.01282051282051282	0.01282051282051282	0.01282051282051282
107	107	0.1623931623931624	0.05982905982905983	0.08547008547008547	0.008547008547008546	0.034188034188034185	0.008547008547008546	0.034188034188034185	0.26495726495726496	0.034188034188034185	0.034188034188034185	0.034188034188034185	0.05982905982905983	0.008547008547008546	0.1623931623931624	0.008547008547008546
108	108	0.04166666666666667	0.005952380952380952	0.005952380952380952	0.023809523809523808	0.04166666666666667	0.34523809523809523	0.005952380952380952	0.09523809523809523	0.1488095238095238	0.04166666666666667	0.04166666666666667	0.07738095238095237	0.005952380952380952	0.1130952380952381	0.005952380952380952
109	109	0.00980392156862745	0.0392156862745098	0.00980392156862745	0.00980392156862745	0.00980392156862745	0.00980392156862745	0.1568627450980392	0.06862745098039216	0.06862745098039216	0.00980392156862745	0.00980392156862745	0.00980392156862745	0.00980392156862745	0.5686274509803921	0.00980392156862745
110	110	0.02564102564102564	0.02564102564102564	0.02564102564102564	0.02564102564102564	0.02564102564102564	0.02564102564102564	0.02564102564102564	0.02564102564102564	0.02564102564102564	0.6410256410256411	0.02564102564102564	0.02564102564102564	0.02564102564102564	0.02564102564102564	0.02564102564102564
111	111	0.02564102564102564	0.02564102564102564	0.02564102564102564	0.02564102564102564	0.02564102564102564	0.02564102564102564	0.02564102564102564	0.02564102564102564	0.02564102564102564	0.6410256410256411	0.02564102564102564	0.02564102564102564	0.02564102564102564	0.02564102564102564	0.02564102564102564
112	112	0.0070921985815602835	0.0070921985815602835	0.1773049645390071	0.04964539007092199	0.0070921985815602835	0.04964539007092199	0.0070921985815602835	0.028368794326241134	0.028368794326241134	0.09219858156028368	0.3049645390070922	0.0070921985815602835	0.15602836879432624	0.07092198581560284	0.0070921985815602835
113	113	0.06802721088435375	0.2108843537414966	0.027210884353741496	0.027210884353741496	0.006802721088435374	0.006802721088435374	0.06802721088435375	0.06802721088435375	0.1904761904761905	0.027210884353741496	0.027210884353741496	0.04761904761904762	0.1292517006802721	0.08843537414965985	0.006802721088435374
114	114	0.007751937984496124	0.007751937984496124	0.12403100775193798	0.14728682170542634	0.007751937984496124	0.054263565891472874	0.031007751937984496	0.1937984496124031	0.007751937984496124	0.007751937984496124	0.054263565891472874	0.007751937984496124	0.33333333333333337	0.007751937984496124	0.007751937984496124
115	115	0.01075268817204301	0.04301075268817204	0.01075268817204301	0.3655913978494624	0.33333333333333337	0.10752688172043011	0.04301075268817204	0.01075268817204301	0.01075268817204301	0.01075268817204301	0.01075268817204301	0.01075268817204301	0.01075268817204301	0.01075268817204301	0.01075268817204301
116	116	0.02564102564102564	0.02564102564102564	0.02564102564102564	0.02564102564102564	0.02564102564102564	0.10256410256410256	0.02564102564102564	0.02564102564102564	0.02564102564102564	0.48717948717948717	0.02564102564102564	0.02564102564102564	0.02564102564102564	0.02564102564102564	0.10256410256410256
117	117	0.02222222222222222	0.22222222222222224	0.02222222222222222	0.08888888888888888	0.02222222222222222	0.02222222222222222	0.22222222222222224	0.02222222222222222	0.22222222222222224	0.02222222222222222	0.02222222222222222	0.02222222222222222	0.02222222222222222	0.02222222222222222	0.02222222222222222
118	118	0.007575757575757575	0.05303030303030303	0.05303030303030303	0.0303030303030303	0.007575757575757575	0.0303030303030303	0.007575757575757575	0.05303030303030303	0.007575757575757575	0.16666666666666666	0.0303030303030303	0.0303030303030303	0.16666666666666666	0.07575757575757576	0.28030303030303033
119	119	0.11904761904761905	0.047619047619047616	0.08333333333333334	0.33333333333333337	0.011904761904761904	0.047619047619047616	0.011904761904761904	0.047619047619047616	0.047619047619047616	0.11904761904761905	0.011904761904761904	0.08333333333333334	0.011904761904761904	0.011904761904761904	0.011904761904761904
120	120	0.007751937984496124	0.14728682170542634	0.007751937984496124	0.007751937984496124	0.007751937984496124	0.031007751937984496	0.007751937984496124	0.007751937984496124	0.007751937984496124	0.007751937984496124	0.007751937984496124	0.054263565891472874	0.6589147286821705	0.031007751937984496	0.007751937984496124
121	121	0.05555555555555555	0.2222222222222222	0.013888888888888888	0.34722222222222227	0.013888888888888888	0.05555555555555555	0.013888888888888888	0.013888888888888888	0.013888888888888888	0.05555555555555555	0.013888888888888888	0.1388888888888889	0.013888888888888888	0.013888888888888888	0.013888888888888888
122	122	0.02564102564102564	0.02564102564102564	0.02564102564102564	0.02564102564102564	0.02564102564102564	0.02564102564102564	0.02564102564102564	0.02564102564102564	0.02564102564102564	0.6410256410256411	0.02564102564102564	0.02564102564102564	0.02564102564102564	0.02564102564102564	0.02564102564102564
123	123	0.006944444444444444	0.15277777777777776	0.006944444444444444	0.3611111111111111	0.006944444444444444	0.006944444444444444	0.006944444444444444	0.006944444444444444	0.006944444444444444	0.006944444444444444	0.027777777777777776	0.13194444444444445	0.2569444444444445	0.006944444444444444	0.006944444444444444
124	124	0.08888888888888888	0.15555555555555556	0.02222222222222222	0.08888888888888888	0.02222222222222222	0.02222222222222222	0.3555555555555555	0.02222222222222222	0.02222222222222222	0.02222222222222222	0.08888888888888888	0.02222222222222222	0.02222222222222222	0.02222222222222222	0.02222222222222222
125	125	0.0070921985815602835	0.11347517730496454	0.3049645390070922	0.07092198581560284	0.0070921985815602835	0.19858156028368795	0.0070921985815602835	0.15602836879432624	0.0070921985815602835	0.028368794326241134	0.0070921985815602835	0.04964539007092199	0.028368794326241134	0.0070921985815602835	0.0070921985815602835
126	126	0.014492753623188404	0.14492753623188406	0.10144927536231885	0.014492753623188404	0.014492753623188404	0.14492753623188406	0.05797101449275362	0.014492753623188404	0.10144927536231885	0.10144927536231885	0.014492753623188404	0.014492753623188404	0.014492753623188404	0.23188405797101447	0.014492753623188404
127	127	0.01075268817204301	0.3010752688172043	0.01075268817204301	0.01075268817204301	0.01075268817204301	0.07526881720430108	0.3010752688172043	0.01075268817204301	0.01075268817204301	0.01075268817204301	0.10752688172043011	0.07526881720430108	0.01075268817204301	0.04301075268817204	0.01075268817204301
