0	0	0.05555555555555555	0.2037037037037037	0.05555555555555555	0.018518518518518517	0.018518518518518517	0.12962962962962962	0.018518518518518517	0.018518518518518517	0.018518518518518517	0.46296296296296297
1	1	0.13636363636363635	0.015151515151515152	0.015151515151515152	0.015151515151515152	0.015151515151515152	0.07575757575757576	0.5606060606060606	0.015151515151515152	0.015151515151515152	0.13636363636363635
2	2	0.038461538461538464	0.01282051282051282	0.01282051282051282	0.038461538461538464	0.0641025641025641	0.3717948717948718	0.0641025641025641	0.01282051282051282	0.3717948717948718	0.01282051282051282
3	3	0.011363636363636364	0.26136363636363635	0.07954545454545454	0.375	0.011363636363636364	0.10227272727272728	0.056818181818181816	0.03409090909090909	0.011363636363636364	0.056818181818181816
4	4	0.013157894736842105	0.2236842105263158	0.013157894736842105	0.06578947368421052	0.039473684210526314	0.06578947368421052	0.013157894736842105	0.14473684210526316	0.013157894736842105	0.40789473684210525
5	5	0.023809523809523808	0.35714285714285715	0.023809523809523808	0.023809523809523808	0.023809523809523808	0.30952380952380953	0.023809523809523808	0.07142857142857142	0.023809523809523808	0.11904761904761904
6	6	0.04411764705882353	0.25	0.16176470588235295	0.04411764705882353	0.014705882352941176	0.07352941176470588	0.07352941176470588	0.27941176470588236	0.014705882352941176	0.04411764705882353
7	7	0.11538461538461539	0.01282051282051282	0.01282051282051282	0.01282051282051282	0.16666666666666666	0.44871794871794873	0.16666666666666666	0.038461538461538464	0.01282051282051282	0.01282051282051282
8	8	0.03125	0.21875	0.03125	0.09375	0.03125	0.09375	0.15625	0.21875	0.09375	0.03125
9	9	0.015625	0.015625	0.234375	0.015625	0.046875	0.078125	0.140625	0.421875	0.015625	0.015625
10	10	0.016666666666666666	0.016666666666666666	0.05	0.35	0.016666666666666666	0.016666666666666666	0.05	0.016666666666666666	0.21666666666666667	0.25
11	11	0.016129032258064516	0.016129032258064516	0.20967741935483872	0.04838709677419355	0.016129032258064516	0.3387096774193548	0.016129032258064516	0.20967741935483872	0.11290322580645161	0.016129032258064516
12	12	0.06578947368421052	0.06578947368421052	0.039473684210526314	0.013157894736842105	0.013157894736842105	0.013157894736842105	0.19736842105263158	0.19736842105263158	0.32894736842105265	0.06578947368421052
13	13	0.1	0.06	0.1	0.18	0.1	0.02	0.02	0.02	0.34	0.06
14	14	0.015625	0.171875	0.015625	0.109375	0.015625	0.046875	0.390625	0.015625	0.046875	0.171875
15	15	0.21428571428571427	0.07142857142857142	0.07142857142857142	0.21428571428571427	0.07142857142857142	0.07142857142857142	0.07142857142857142	0.07142857142857142	0.07142857142857142	0.07142857142857142
16	16	0.1	0.007692307692307693	0.19230769230769232	0.06923076923076923	0.023076923076923078	0.007692307692307693	0.007692307692307693	0.007692307692307693	0.43846153846153846	0.14615384615384616
17	17	0.09259259259259259	0.09259259259259259	0.3888888888888889	0.018518518518518517	0.05555555555555555	0.018518518518518517	0.018518518518518517	0.05555555555555555	0.018518518518518517	0.24074074074074073
18	18	0.14516129032258066	0.016129032258064516	0.04838709677419355	0.04838709677419355	0.016129032258064516	0.04838709677419355	0.5	0.04838709677419355	0.04838709677419355	0.08064516129032258
19	19	0.046875	0.015625	0.078125	0.015625	0.015625	0.015625	0.328125	0.421875	0.046875	0.015625
20	20	0.05	0.05	0.05	0.05	0.05	0.45	0.15	0.05	0.05	0.05
21	21	0.11290322580645161	0.04838709677419355	0.14516129032258066	0.016129032258064516	0.3387096774193548	0.016129032258064516	0.016129032258064516	0.14516129032258066	0.016129032258064516	0.14516129032258066
22	22	0.046875	0.109375	0.109375	0.078125	0.015625	0.015625	0.421875	0.015625	0.046875	0.140625
23	23	0.1527777777777778	0.041666666666666664	0.013888888888888888	0.09722222222222222	0.013888888888888888	0.18055555555555555	0.041666666666666664	0.2361111111111111	0.06944444444444445	0.1527777777777778
24	24	0.10833333333333334	0.008333333333333333	0.025	0.30833333333333335	0.008333333333333333	0.041666666666666664	0.008333333333333333	0.008333333333333333	0.14166666666666666	0.3416666666666667
25	25	0.03333333333333333	0.03333333333333333	0.03333333333333333	0.3	0.1	0.1	0.03333333333333333	0.03333333333333333	0.03333333333333333	0.3
26	26	0.07352941176470588	0.04411764705882353	0.014705882352941176	0.014705882352941176	0.1323529411764706	0.014705882352941176	0.6323529411764706	0.014705882352941176	0.014705882352941176	0.04411764705882353
27	27	0.15476190476190477	0.03571428571428571	0.011904761904761904	0.011904761904761904	0.7261904761904762	0.011904761904761904	0.011904761904761904	0.011904761904761904	0.011904761904761904	0.011904761904761904
28	28	0.03571428571428571	0.03571428571428571	0.17857142857142858	0.17857142857142858	0.17857142857142858	0.03571428571428571	0.03571428571428571	0.25	0.03571428571428571	0.03571428571428571
29	29	0.2948717948717949	0.038461538461538464	0.038461538461538464	0.11538461538461539	0.01282051282051282	0.01282051282051282	0.01282051282051282	0.08974358974358974	0.038461538461538464	0.34615384615384615
30	30	0.18627450980392157	0.06862745098039216	0.2647058823529412	0.029411764705882353	0.049019607843137254	0.00980392156862745	0.12745098039215685	0.00980392156862745	0.00980392156862745	0.24509803921568626
31	31	0.11194029850746269	0.09701492537313433	0.09701492537313433	0.022388059701492536	0.06716417910447761	0.022388059701492536	0.06716417910447761	0.35074626865671643	0.03731343283582089	0.12686567164179105
32	32	0.09375	0.03125	0.03125	0.03125	0.03125	0.21875	0.09375	0.21875	0.03125	0.21875
33	33	0.05172413793103448	0.22413793103448276	0.017241379310344827	0.017241379310344827	0.05172413793103448	0.05172413793103448	0.017241379310344827	0.15517241379310345	0.3620689655172414	0.05172413793103448
34	34	0.038461538461538464	0.038461538461538464	0.038461538461538464	0.038461538461538464	0.6538461538461539	0.038461538461538464	0.038461538461538464	0.038461538461538464	0.038461538461538464	0.038461538461538464
35	35	0.05555555555555555	0.12222222222222222	0.32222222222222224	0.011111111111111112	0.011111111111111112	0.2111111111111111	0.011111111111111112	0.18888888888888888	0.03333333333333333	0.03333333333333333
36	36	0.03333333333333333	0.25555555555555554	0.1	0.36666666666666664	0.07777777777777778	0.011111111111111112	0.011111111111111112	0.12222222222222222	0.011111111111111112	0.011111111111111112
37	37	0.027777777777777776	0.08333333333333333	0.1388888888888889	0.027777777777777776	0.027777777777777776	0.4722222222222222	0.027777777777777776	0.027777777777777776	0.08333333333333333	0.08333333333333333
38	38	0.11538461538461539	0.038461538461538464	0.038461538461538464	0.11538461538461539	0.038461538461538464	0.038461538461538464	0.038461538461538464	0.5	0.038461538461538464	0.038461538461538464
39	39	0.08333333333333333	0.19444444444444445	0.027777777777777776	0.027777777777777776	0.027777777777777776	0.027777777777777776	0.08333333333333333	0.027777777777777776	0.027777777777777776	0.4722222222222222
40	40	0.11290322580645161	0.08064516129032258	0.016129032258064516	0.27419354838709675	0.11290322580645161	0.14516129032258066	0.04838709677419355	0.016129032258064516	0.04838709677419355	0.14516129032258066
41	41	0.12962962962962962	0.05555555555555555	0.05555555555555555	0.16666666666666666	0.05555555555555555	0.12962962962962962	0.05555555555555555	0.12962962962962962	0.018518518518518517	0.2037037037037037
42	42	0.2391304347826087	0.15217391304347827	0.021739130434782608	0.021739130434782608	0.021739130434782608	0.15217391304347827	0.021739130434782608	0.32608695652173914	0.021739130434782608	0.021739130434782608
43	43	0.010416666666666666	0.03125	0.052083333333333336	0.4270833333333333	0.07291666666666667	0.010416666666666666	0.07291666666666667	0.010416666666666666	0.13541666666666666	0.17708333333333334
44	44	0.17105263157894737	0.14473684210526316	0.2236842105263158	0.06578947368421052	0.013157894736842105	0.013157894736842105	0.013157894736842105	0.039473684210526314	0.013157894736842105	0.3026315789473684
45	45	0.038461538461538464	0.038461538461538464	0.038461538461538464	0.038461538461538464	0.6538461538461539	0.038461538461538464	0.038461538461538464	0.038461538461538464	0.038461538461538464	0.038461538461538464
46	46	0.1896551724137931	0.22413793103448276	0.05172413793103448	0.017241379310344827	0.1896551724137931	0.017241379310344827	0.017241379310344827	0.25862068965517243	0.017241379310344827	0.017241379310344827
47	47	0.07894736842105263	0.07894736842105263	0.34210526315789475	0.07894736842105263	0.23684210526315788	0.02631578947368421	0.07894736842105263	0.02631578947368421	0.02631578947368421	0.02631578947368421
48	48	0.05	0.21666666666666667	0.18333333333333332	0.016666666666666666	0.05	0.11666666666666667	0.18333333333333332	0.15	0.016666666666666666	0.016666666666666666
49	49	0.36904761904761907	0.2261904761904762	0.13095238095238096	0.03571428571428571	0.011904761904761904	0.011904761904761904	0.011904761904761904	0.08333333333333333	0.011904761904761904	0.10714285714285714
50	50	0.021739130434782608	0.32608695652173914	0.021739130434782608	0.10869565217391304	0.06521739130434782	0.2391304347826087	0.15217391304347827	0.021739130434782608	0.021739130434782608	0.021739130434782608
51	51	0.08928571428571429	0.017857142857142856	0.017857142857142856	0.017857142857142856	0.05357142857142857	0.19642857142857142	0.017857142857142856	0.375	0.05357142857142857	0.16071428571428573
52	52	0.036585365853658534	0.036585365853658534	0.3780487804878049	0.06097560975609756	0.08536585365853659	0.06097560975609756	0.012195121951219513	0.25609756097560976	0.012195121951219513	0.06097560975609756
53	53	0.1	0.22	0.02	0.06	0.34	0.02	0.02	0.02	0.1	0.1
54	54	0.016666666666666666	0.05	0.08333333333333333	0.15	0.05	0.38333333333333336	0.11666666666666667	0.016666666666666666	0.08333333333333333	0.05
55	55	0.05	0.45	0.05	0.05	0.05	0.15	0.05	0.05	0.05	0.05
56	56	0.038461538461538464	0.038461538461538464	0.038461538461538464	0.038461538461538464	0.6538461538461539	0.038461538461538464	0.038461538461538464	0.038461538461538464	0.038461538461538464	0.038461538461538464
57	57	0.013888888888888888	0.013888888888888888	0.06944444444444445	0.041666666666666664	0.013888888888888888	0.2916666666666667	0.125	0.06944444444444445	0.20833333333333334	0.1527777777777778
58	58	0.4852941176470588	0.04411764705882353	0.07352941176470588	0.014705882352941176	0.16176470588235295	0.014705882352941176	0.10294117647058823	0.07352941176470588	0.014705882352941176	0.014705882352941176
59	59	0.07142857142857142	0.07142857142857142	0.21428571428571427	0.07142857142857142	0.07142857142857142	0.21428571428571427	0.07142857142857142	0.07142857142857142	0.07142857142857142	0.07142857142857142
60	60	0.03125	0.03125	0.15625	0.03125	0.03125	0.03125	0.09375	0.40625	0.15625	0.03125
61	61	0.08333333333333333	0.08333333333333333	0.016666666666666666	0.016666666666666666	0.016666666666666666	0.016666666666666666	0.11666666666666667	0.21666666666666667	0.35	0.08333333333333333
62	62	0.014705882352941176	0.014705882352941176	0.07352941176470588	0.19117647058823528	0.014705882352941176	0.07352941176470588	0.014705882352941176	0.1323529411764706	0.10294117647058823	0.36764705882352944
63	63	0.03571428571428571	0.03571428571428571	0.03571428571428571	0.03571428571428571	0.4642857142857143	0.03571428571428571	0.03571428571428571	0.03571428571428571	0.03571428571428571	0.25
64	64	0.029411764705882353	0.14705882352941177	0.029411764705882353	0.3235294117647059	0.029411764705882353	0.029411764705882353	0.14705882352941177	0.029411764705882353	0.029411764705882353	0.20588235294117646
65	65	0.11904761904761904	0.11904761904761904	0.21428571428571427	0.023809523809523808	0.023809523809523808	0.07142857142857142	0.023809523809523808	0.07142857142857142	0.2619047619047619	0.07142857142857142
66	66	0.045454545454545456	0.045454545454545456	0.13636363636363635	0.13636363636363635	0.22727272727272727	0.045454545454545456	0.13636363636363635	0.13636363636363635	0.045454545454545456	0.045454545454545456
67	67	0.225	0.025	0.275	0.025	0.125	0.025	0.025	0.025	0.025	0.225
68	68	0.038461538461538464	0.038461538461538464	0.038461538461538464	0.038461538461538464	0.038461538461538464	0.2692307692307692	0.038461538461538464	0.2692307692307692	0.11538461538461539	0.11538461538461539
69	69	0.04838709677419355	0.43548387096774194	0.04838709677419355	0.016129032258064516	0.08064516129032258	0.14516129032258066	0.11290322580645161	0.016129032258064516	0.04838709677419355	0.04838709677419355
70	70	0.011904761904761904	0.011904761904761904	0.25	0.32142857142857145	0.03571428571428571	0.011904761904761904	0.011904761904761904	0.011904761904761904	0.03571428571428571	0.2976190476190476
71	71	0.041666666666666664	0.09722222222222222	0.18055555555555555	0.013888888888888888	0.013888888888888888	0.013888888888888888	0.09722222222222222	0.3472222222222222	0.013888888888888888	0.18055555555555555
72	72	0.01282051282051282	0.01282051282051282	0.01282051282051282	0.11538461538461539	0.01282051282051282	0.47435897435897434	0.0641025641025641	0.21794871794871795	0.01282051282051282	0.0641025641025641
73	73	0.011904761904761904	0.011904761904761904	0.05952380952380952	0.03571428571428571	0.011904761904761904	0.13095238095238096	0.05952380952380952	0.05952380952380952	0.5833333333333334	0.03571428571428571
74	74	0.038461538461538464	0.11538461538461539	0.19230769230769232	0.0641025641025641	0.01282051282051282	0.038461538461538464	0.08974358974358974	0.11538461538461539	0.01282051282051282	0.32051282051282054
75	75	0.21666666666666667	0.21666666666666667	0.35	0.016666666666666666	0.08333333333333333	0.05	0.016666666666666666	0.016666666666666666	0.016666666666666666	0.016666666666666666
76	76	0.10784313725490197	0.24509803921568626	0.14705882352941177	0.06862745098039216	0.00980392156862745	0.00980392156862745	0.00980392156862745	0.3431372549019608	0.029411764705882353	0.029411764705882353
77	77	0.0641025641025641	0.038461538461538464	0.01282051282051282	0.08974358974358974	0.01282051282051282	0.16666666666666666	0.038461538461538464	0.3717948717948718	0.19230769230769232	0.01282051282051282
78	78	0.09615384615384616	0.1346153846153846	0.019230769230769232	0.09615384615384616	0.057692307692307696	0.21153846153846154	0.019230769230769232	0.057692307692307696	0.25	0.057692307692307696
79	79	0.038461538461538464	0.038461538461538464	0.038461538461538464	0.038461538461538464	0.6538461538461539	0.038461538461538464	0.038461538461538464	0.038461538461538464	0.038461538461538464	0.038461538461538464
80	80	0.045454545454545456	0.13636363636363635	0.045454545454545456	0.045454545454545456	0.045454545454545456	0.045454545454545456	0.045454545454545456	0.3181818181818182	0.22727272727272727	0.045454545454545456
81	81	0.29310344827586204	0.017241379310344827	0.1206896551724138	0.017241379310344827	0.017241379310344827	0.017241379310344827	0.1206896551724138	0.017241379310344827	0.017241379310344827	0.3620689655172414
82	82	0.038461538461538464	0.038461538461538464	0.038461538461538464	0.038461538461538464	0.6538461538461539	0.038461538461538464	0.038461538461538464	0.038461538461538464	0.038461538461538464	0.038461538461538464
83	83	0.015151515151515152	0.13636363636363635	0.07575757575757576	0.045454545454545456	0.045454545454545456	0.015151515151515152	0.015151515151515152	0.19696969696969696	0.045454545454545456	0.4090909090909091
84	84	0.022058823529411766	0.375	0.051470588235294115	0.051470588235294115	0.007352941176470588	0.051470588235294115	0.11029411764705882	0.13970588235294118	0.125	0.0661764705882353
85	85	0.02	0.06	0.02	0.42	0.18	0.02	0.06	0.02	0.02	0.18
86	86	0.11538461538461539	0.11538461538461539	0.038461538461538464	0.038461538461538464	0.038461538461538464	0.34615384615384615	0.038461538461538464	0.11538461538461539	0.038461538461538464	0.11538461538461539
87	87	0.02631578947368421	0.02631578947368421	0.02631578947368421	0.07894736842105263	0.18421052631578946	0.02631578947368421	0.18421052631578946	0.34210526315789475	0.02631578947368421	0.07894736842105263
88	88	0.03125	0.09375	0.03125	0.09375	0.03125	0.03125	0.03125	0.03125	0.59375	0.03125
89	89	0.14772727272727273	0.2159090909090909	0.32954545454545453	0.011363636363636364	0.125	0.011363636363636364	0.056818181818181816	0.07954545454545454	0.011363636363636364	0.011363636363636364
90	90	0.075	0.008333333333333333	0.058333333333333334	0.058333333333333334	0.008333333333333333	0.175	0.125	0.175	0.25833333333333336	0.058333333333333334
91	91	0.03488372093023256	0.011627906976744186	0.011627906976744186	0.22093023255813954	0.05813953488372093	0.313953488372093	0.011627906976744186	0.03488372093023256	0.29069767441860467	0.011627906976744186
92	92	0.016666666666666666	0.15	0.016666666666666666	0.15	0.016666666666666666	0.016666666666666666	0.016666666666666666	0.016666666666666666	0.016666666666666666	0.5833333333333334
93	93	0.225	0.025	0.025	0.025	0.075	0.125	0.225	0.175	0.075	0.025
94	94	0.11956521739130435	0.11956521739130435	0.05434782608695652	0.31521739130434784	0.010869565217391304	0.20652173913043478	0.010869565217391304	0.010869565217391304	0.010869565217391304	0.14130434782608695
95	95	0.05555555555555555	0.5	0.16666666666666666	0.018518518518518517	0.018518518518518517	0.018518518518518517	0.018518518518518517	0.05555555555555555	0.05555555555555555	0.09259259259259259
96	96	0.1	0.03333333333333333	0.03333333333333333	0.16666666666666666	0.03333333333333333	0.23333333333333334	0.1	0.1	0.03333333333333333	0.16666666666666666
97	97	0.05	0.05	0.05	0.05	0.35	0.05	0.05	0.05	0.25	0.05
98	98	0.016666666666666666	0.31666666666666665	0.05	0.016666666666666666	0.21666666666666667	0.016666666666666666	0.15	0.11666666666666667	0.016666666666666666	0.08333333333333333
99	99	0.1388888888888889	0.4722222222222222	0.027777777777777776	0.027777777777777776	0.027777777777777776	0.027777777777777776	0.027777777777777776	0.08333333333333333	0.027777777777777776	0.1388888888888889
100	100	0.25	0.027777777777777776	0.027777777777777776	0.027777777777777776	0.027777777777777776	0.4166666666666667	0.027777777777777776	0.027777777777777776	0.027777777777777776	0.1388888888888889
101	101	0.06	0.18	0.26	0.06	0.18	0.02	0.02	0.06	0.06	0.1
102	102	0.025	0.425	0.075	0.025	0.125	0.075	0.025	0.125	0.025	0.075
103	103	0.027777777777777776	0.6388888888888888	0.027777777777777776	0.027777777777777776	0.027777777777777776	0.08333333333333333	0.027777777777777776	0.08333333333333333	0.027777777777777776	0.027777777777777776
104	104	0.041666666666666664	0.5416666666666666	0.041666666666666664	0.041666666666666664	0.041666666666666664	0.041666666666666664	0.125	0.041666666666666664	0.041666666666666664	0.041666666666666664
105	105	0.045454545454545456	0.19696969696969696	0.015151515151515152	0.015151515151515152	0.13636363636363635	0.2878787878787879	0.015151515151515152	0.16666666666666666	0.10606060606060606	0.015151515151515152
106	106	0.019230769230769232	0.019230769230769232	0.019230769230769232	0.019230769230769232	0.8269230769230769	0.019230769230769232	0.019230769230769232	0.019230769230769232	0.019230769230769232	0.019230769230769232
107	107	0.01282051282051282	0.038461538461538464	0.01282051282051282	0.5256410256410257	0.01282051282051282	0.01282051282051282	0.01282051282051282	0.038461538461538464	0.32051282051282054	0.01282051282051282
108	108	0.08035714285714286	0.008928571428571428	0.008928571428571428	0.25892857142857145	0.008928571428571428	0.008928571428571428	0.0625	0.008928571428571428	0.3482142857142857	0.20535714285714285
109	109	0.014705882352941176	0.07352941176470588	0.014705882352941176	0.014705882352941176	0.10294117647058823	0.16176470588235295	0.04411764705882353	0.10294117647058823	0.45588235294117646	0.014705882352941176
110	110	0.038461538461538464	0.038461538461538464	0.038461538461538464	0.038461538461538464	0.6538461538461539	0.038461538461538464	0.038461538461538464	0.038461538461538464	0.038461538461538464	0.038461538461538464
111	111	0.038461538461538464	0.038461538461538464	0.038461538461538464	0.038461538461538464	0.6538461538461539	0.038461538461538464	0.038461538461538464	0.038461538461538464	0.038461538461538464	0.038461538461538464
112	112	0.09574468085106383	0.05319148936170213	0.1595744680851064	0.031914893617021274	0.031914893617021274	0.010638297872340425	0.4787234042553192	0.11702127659574468	0.010638297872340425	0.010638297872340425
113	113	0.07142857142857142	0.3163265306122449	0.05102040816326531	0.01020408163265306	0.01020408163265306	0.2755102040816326	0.01020408163265306	0.030612244897959183	0.1326530612244898	0.09183673469387756
114	114	0.36046511627906974	0.22093023255813954	0.08139534883720931	0.011627906976744186	0.011627906976744186	0.011627906976744186	0.08139534883720931	0.1744186046511628	0.011627906976744186	0.03488372093023256
115	115	0.016129032258064516	0.08064516129032258	0.016129032258064516	0.3709677419354839	0.04838709677419355	0.08064516129032258	0.08064516129032258	0.016129032258064516	0.11290322580645161	0.1774193548387097
116	116	0.038461538461538464	0.19230769230769232	0.038461538461538464	0.038461538461538464	0.34615384615384615	0.19230769230769232	0.038461538461538464	0.038461538461538464	0.038461538461538464	0.038461538461538464
117	117	0.03333333333333333	0.23333333333333334	0.03333333333333333	0.03333333333333333	0.1	0.16666666666666666	0.03333333333333333	0.03333333333333333	0.23333333333333334	0.1
118	118	0.056818181818181816	0.07954545454545454	0.10227272727272728	0.011363636363636364	0.3068181818181818	0.011363636363636364	0.011363636363636364	0.2159090909090909	0.19318181818181818	0.011363636363636364
119	119	0.05357142857142857	0.017857142857142856	0.125	0.05357142857142857	0.05357142857142857	0.017857142857142856	0.05357142857142857	0.08928571428571429	0.19642857142857142	0.3392857142857143
120	120	0.03488372093023256	0.19767441860465115	0.08139534883720931	0.05813953488372093	0.011627906976744186	0.011627906976744186	0.1744186046511628	0.36046511627906974	0.011627906976744186	0.05813953488372093
121	121	0.020833333333333332	0.1875	0.2708333333333333	0.0625	0.0625	0.020833333333333332	0.020833333333333332	0.020833333333333332	0.020833333333333332	0.3125
122	122	0.038461538461538464	0.038461538461538464	0.038461538461538464	0.038461538461538464	0.6538461538461539	0.038461538461538464	0.038461538461538464	0.038461538461538464	0.038461538461538464	0.038461538461538464
123	123	0.052083333333333336	0.17708333333333334	0.15625	0.052083333333333336	0.010416666666666666	0.010416666666666666	0.09375	0.13541666666666666	0.010416666666666666	0.3020833333333333
124	124	0.03333333333333333	0.16666666666666666	0.1	0.16666666666666666	0.03333333333333333	0.36666666666666664	0.03333333333333333	0.03333333333333333	0.03333333333333333	0.03333333333333333
125	125	0.09574468085106383	0.18085106382978725	0.07446808510638298	0.11702127659574468	0.05319148936170213	0.010638297872340425	0.031914893617021274	0.010638297872340425	0.24468085106382978	0.18085106382978725
126	126	0.021739130434782608	0.021739130434782608	0.06521739130434782	0.1956521739130435	0.021739130434782608	0.15217391304347827	0.10869565217391304	0.021739130434782608	0.1956521739130435	0.1956521739130435
127	127	0.016129032258064516	0.08064516129032258	0.016129032258064516	0.14516129032258066	0.016129032258064516	0.3709677419354839	0.016129032258064516	0.20967741935483872	0.08064516129032258	0.04838709677419355
128	128	0.08536585365853659	0.06097560975609756	0.23170731707317074	0.036585365853658534	0.036585365853658534	0.036585365853658534	0.012195121951219513	0.2804878048780488	0.18292682926829268	0.036585365853658534
129	129	0.014285714285714285	0.2714285714285714	0.04285714285714286	0.1	0.014285714285714285	0.014285714285714285	0.04285714285714286	0.18571428571428572	0.014285714285714285	0.3
130	130	0.1388888888888889	0.10185185185185185	0.027777777777777776	0.19444444444444445	0.027777777777777776	0.12037037037037036	0.25	0.046296296296296294	0.046296296296296294	0.046296296296296294
131	131	0.057692307692307696	0.057692307692307696	0.019230769230769232	0.4423076923076923	0.17307692307692307	0.057692307692307696	0.057692307692307696	0.019230769230769232	0.019230769230769232	0.09615384615384616
132	132	0.015151515151515152	0.2878787878787879	0.015151515151515152	0.045454545454545456	0.015151515151515152	0.25757575757575757	0.015151515151515152	0.10606060606060606	0.045454545454545456	0.19696969696969696
133	133	0.06756756756756757	0.06756756756756757	0.28378378378378377	0.3108108108108108	0.013513513513513514	0.04054054054054054	0.0945945945945946	0.013513513513513514	0.04054054054054054	0.06756756756756757
134	134	0.021739130434782608	0.021739130434782608	0.021739130434782608	0.021739130434782608	0.021739130434782608	0.021739130434782608	0.021739130434782608	0.021739130434782608	0.717391304347826	0.10869565217391304
135	135	0.012195121951219513	0.08536585365853659	0.012195121951219513	0.06097560975609756	0.012195121951219513	0.25609756097560976	0.012195121951219513	0.012195121951219513	0.4268292682926829	0.10975609756097561
136	136	0.11290322580645161	0.016129032258064516	0.20967741935483872	0.43548387096774194	0.016129032258064516	0.016129032258064516	0.04838709677419355	0.016129032258064516	0.016129032258064516	0.11290322580645161
137	137	0.26	0.02	0.02	0.02	0.02	0.42	0.06	0.06	0.06	0.06
138	138	0.11538461538461539	0.2692307692307692	0.038461538461538464	0.19230769230769232	0.19230769230769232	0.038461538461538464	0.038461538461538464	0.038461538461538464	0.038461538461538464	0.038461538461538464
139	139	0.038461538461538464	0.038461538461538464	0.038461538461538464	0.038461538461538464	0.6538461538461539	0.038461538461538464	0.038461538461538464	0.038461538461538464	0.038461538461538464	0.038461538461538464
140	140	0.015625	0.046875	0.109375	0.046875	0.015625	0.265625	0.171875	0.015625	0.109375	0.203125
141	141	0.05	0.13	0.07	0.03	0.13	0.01	0.01	0.49	0.01	0.07
142	142	0.125	0.19642857142857142	0.017857142857142856	0.017857142857142856	0.017857142857142856	0.30357142857142855	0.08928571428571429	0.125	0.08928571428571429	0.017857142857142856
143	143	0.4696969696969697	0.015151515151515152	0.10606060606060606	0.015151515151515152	0.015151515151515152	0.015151515151515152	0.045454545454545456	0.13636363636363635	0.015151515151515152	0.16666666666666666
144	144	0.038461538461538464	0.038461538461538464	0.038461538461538464	0.038461538461538464	0.6538461538461539	0.038461538461538464	0.038461538461538464	0.038461538461538464	0.038461538461538464	0.038461538461538464
145	145	0.10294117647058823	0.16176470588235295	0.19117647058823528	0.014705882352941176	0.07352941176470588	0.014705882352941176	0.22058823529411764	0.16176470588235295	0.04411764705882353	0.014705882352941176
146	146	0.05813953488372093	0.011627906976744186	0.03488372093023256	0.3372093023255814	0.03488372093023256	0.22093023255813954	0.08139534883720931	0.011627906976744186	0.1744186046511628	0.03488372093023256
147	147	0.017857142857142856	0.017857142857142856	0.23214285714285715	0.017857142857142856	0.19642857142857142	0.05357142857142857	0.017857142857142856	0.26785714285714285	0.017857142857142856	0.16071428571428573
148	148	0.038461538461538464	0.038461538461538464	0.038461538461538464	0.038461538461538464	0.6538461538461539	0.038461538461538464	0.038461538461538464	0.038461538461538464	0.038461538461538464	0.038461538461538464
149	149	0.09210526315789473	0.06578947368421052	0.3815789473684211	0.039473684210526314	0.039473684210526314	0.013157894736842105	0.013157894736842105	0.14473684210526316	0.11842105263157894	0.09210526315789473
150	150	0.22549019607843138	0.38235294117647056	0.00980392156862745	0.10784313725490197	0.029411764705882353	0.00980392156862745	0.00980392156862745	0.10784313725490197	0.06862745098039216	0.049019607843137254
151	151	0.008620689655172414	0.07758620689655173	0.0603448275862069	0.14655172413793102	0.04310344827586207	0.12931034482758622	0.008620689655172414	0.02586206896551724	0.28448275862068967	0.21551724137931033
152	152	0.02	0.5	0.02	0.02	0.18	0.02	0.02	0.14	0.06	0.02
153	153	0.5092592592592593	0.009259259259259259	0.10185185185185185	0.06481481481481481	0.009259259259259259	0.009259259259259259	0.009259259259259259	0.009259259259259259	0.1388888888888889	0.1388888888888889
154	154	0.08333333333333333	0.10185185185185185	0.009259259259259259	0.37962962962962965	0.009259259259259259	0.19444444444444445	0.009259259259259259	0.027777777777777776	0.009259259259259259	0.17592592592592593
155	155	0.06818181818181818	0.022727272727272728	0.20454545454545456	0.3409090909090909	0.06818181818181818	0.022727272727272728	0.022727272727272728	0.1590909090909091	0.022727272727272728	0.06818181818181818
156	156	0.23214285714285715	0.017857142857142856	0.017857142857142856	0.19642857142857142	0.017857142857142856	0.05357142857142857	0.08928571428571429	0.017857142857142856	0.3392857142857143	0.017857142857142856
157	157	0.07142857142857142	0.336734693877551	0.05102040816326531	0.030612244897959183	0.07142857142857142	0.030612244897959183	0.25510204081632654	0.11224489795918367	0.01020408163265306	0.030612244897959183
158	158	0.02631578947368421	0.02631578947368421	0.02631578947368421	0.18421052631578946	0.07894736842105263	0.4473684210526316	0.02631578947368421	0.02631578947368421	0.02631578947368421	0.13157894736842105
159	159	0.09375	0.09375	0.21875	0.40625	0.03125	0.03125	0.03125	0.03125	0.03125	0.03125
160	160	0.011904761904761904	0.17857142857142858	0.011904761904761904	0.25	0.08333333333333333	0.05952380952380952	0.03571428571428571	0.08333333333333333	0.10714285714285714	0.17857142857142858
161	161	0.08928571428571429	0.125	0.30357142857142855	0.19642857142857142	0.08928571428571429	0.017857142857142856	0.017857142857142856	0.08928571428571429	0.017857142857142856	0.05357142857142857
162	162	0.15625	0.15625	0.03125	0.03125	0.03125	0.40625	0.09375	0.03125	0.03125	0.03125
163	163	0.045454545454545456	0.045454545454545456	0.045454545454545456	0.045454545454545456	0.22727272727272727	0.045454545454545456	0.045454545454545456	0.3181818181818182	0.13636363636363635	0.045454545454545456
164	164	0.06818181818181818	0.20454545454545456	0.38636363636363635	0.022727272727272728	0.022727272727272728	0.022727272727272728	0.1590909090909091	0.022727272727272728	0.022727272727272728	0.06818181818181818
165	165	0.39473684210526316	0.02631578947368421	0.13157894736842105	0.07894736842105263	0.07894736842105263	0.02631578947368421	0.07894736842105263	0.07894736842105263	0.07894736842105263	0.02631578947368421
166	166	0.03125	0.21875	0.03125	0.03125	0.09375	0.09375	0.03125	0.15625	0.15625	0.15625
167	167	0.2708333333333333	0.020833333333333332	0.020833333333333332	0.1875	0.0625	0.020833333333333332	0.1875	0.020833333333333332	0.1875	0.020833333333333332
168	168	0.19736842105263158	0.14473684210526316	0.25	0.19736842105263158	0.013157894736842105	0.013157894736842105	0.013157894736842105	0.14473684210526316	0.013157894736842105	0.013157894736842105
169	169	0.038461538461538464	0.038461538461538464	0.038461538461538464	0.038461538461538464	0.6538461538461539	0.038461538461538464	0.038461538461538464	0.038461538461538464	0.038461538461538464	0.038461538461538464
170	170	0.029411764705882353	0.029411764705882353	0.08823529411764706	0.3235294117647059	0.029411764705882353	0.029411764705882353	0.20588235294117646	0.029411764705882353	0.029411764705882353	0.20588235294117646
171	171	0.03333333333333333	0.03333333333333333	0.1	0.16666666666666666	0.03333333333333333	0.03333333333333333	0.03333333333333333	0.36666666666666664	0.1	0.1
172	172	0.02	0.06	0.02	0.1	0.06	0.42	0.1	0.18	0.02	0.02
173	173	0.019230769230769232	0.019230769230769232	0.019230769230769232	0.019230769230769232	0.8269230769230769	0.019230769230769232	0.019230769230769232	0.019230769230769232	0.019230769230769232	0.019230769230769232
174	174	0.06944444444444445	0.125	0.013888888888888888	0.013888888888888888	0.041666666666666664	0.4305555555555556	0.09722222222222222	0.1527777777777778	0.041666666666666664	0.013888888888888888
175	175	0.09210526315789473	0.013157894736842105	0.2236842105263158	0.039473684210526314	0.039473684210526314	0.039473684210526314	0.06578947368421052	0.039473684210526314	0.09210526315789473	0.35526315789473684
176	176	0.016666666666666666	0.016666666666666666	0.05	0.21666666666666667	0.016666666666666666	0.11666666666666667	0.18333333333333332	0.15	0.15	0.08333333333333333
177	177	0.4166666666666667	0.08333333333333333	0.08333333333333333	0.08333333333333333	0.027777777777777776	0.027777777777777776	0.027777777777777776	0.19444444444444445	0.027777777777777776	0.027777777777777776
178	178	0.07	0.29	0.01	0.31	0.01	0.01	0.09	0.05	0.01	0.15
179	179	0.43548387096774194	0.14516129032258066	0.08064516129032258	0.14516129032258066	0.016129032258064516	0.016129032258064516	0.016129032258064516	0.11290322580645161	0.016129032258064516	0.016129032258064516
180	180	0.013513513513513514	0.12162162162162163	0.22972972972972974	0.013513513513513514	0.013513513513513514	0.013513513513513514	0.013513513513513514	0.44594594594594594	0.013513513513513514	0.12162162162162163
181	181	0.013513513513513514	0.22972972972972974	0.013513513513513514	0.20270270270270271	0.013513513513513514	0.06756756756756757	0.12162162162162163	0.013513513513513514	0.17567567567567569	0.14864864864864866
182	182	0.025	0.125	0.025	0.075	0.025	0.125	0.225	0.025	0.025	0.325
183	183	0.18421052631578946	0.02631578947368421	0.02631578947368421	0.18421052631578946	0.02631578947368421	0.23684210526315788	0.07894736842105263	0.02631578947368421	0.07894736842105263	0.13157894736842105
184	184	0.07142857142857142	0.023809523809523808	0.16666666666666666	0.11904761904761904	0.07142857142857142	0.11904761904761904	0.023809523809523808	0.07142857142857142	0.11904761904761904	0.21428571428571427
185	185	0.05952380952380952	0.10714285714285714	0.10714285714285714	0.08333333333333333	0.011904761904761904	0.17857142857142858	0.03571428571428571	0.2976190476190476	0.05952380952380952	0.05952380952380952
186	186	0.025	0.125	0.025	0.075	0.025	0.075	0.025	0.025	0.125	0.475
187	187	0.1488095238095238	0.041666666666666664	0.07738095238095238	0.017857142857142856	0.005952380952380952	0.02976190476190476	0.125	0.017857142857142856	0.05357142857142857	0.48214285714285715
188	188	0.03571428571428571	0.25	0.03571428571428571	0.03571428571428571	0.03571428571428571	0.39285714285714285	0.03571428571428571	0.10714285714285714	0.03571428571428571	0.03571428571428571
189	189	0.015625	0.078125	0.015625	0.265625	0.046875	0.109375	0.015625	0.078125	0.359375	0.015625
190	190	0.07142857142857142	0.07142857142857142	0.07142857142857142	0.2714285714285714	0.04285714285714286	0.014285714285714285	0.2714285714285714	0.15714285714285714	0.014285714285714285	0.014285714285714285
191	191	0.029411764705882353	0.029411764705882353	0.08823529411764706	0.029411764705882353	0.08823529411764706	0.029411764705882353	0.08823529411764706	0.5	0.029411764705882353	0.08823529411764706
192	192	0.025	0.075	0.025	0.175	0.025	0.075	0.275	0.075	0.025	0.225
193	193	0.06944444444444445	0.1527777777777778	0.013888888888888888	0.013888888888888888	0.013888888888888888	0.013888888888888888	0.20833333333333334	0.1527777777777778	0.125	0.2361111111111111
194	194	0.022727272727272728	0.29545454545454547	0.022727272727272728	0.3409090909090909	0.022727272727272728	0.022727272727272728	0.06818181818181818	0.022727272727272728	0.022727272727272728	0.1590909090909091
195	195	0.041666666666666664	0.20833333333333334	0.041666666666666664	0.125	0.041666666666666664	0.2916666666666667	0.041666666666666664	0.125	0.041666666666666664	0.041666666666666664
196	196	0.014285714285714285	0.3	0.04285714285714286	0.3	0.07142857142857142	0.014285714285714285	0.15714285714285714	0.014285714285714285	0.014285714285714285	0.07142857142857142
197	197	0.045454545454545456	0.045454545454545456	0.045454545454545456	0.045454545454545456	0.4090909090909091	0.22727272727272727	0.045454545454545456	0.045454545454545456	0.045454545454545456	0.045454545454545456
198	198	0.16666666666666666	0.16666666666666666	0.03333333333333333	0.1	0.1	0.03333333333333333	0.03333333333333333	0.3	0.03333333333333333	0.03333333333333333
199	199	0.013888888888888888	0.125	0.041666666666666664	0.013888888888888888	0.013888888888888888	0.5416666666666666	0.09722222222222222	0.013888888888888888	0.013888888888888888	0.125
200	200	0.1590909090909091	0.06818181818181818	0.26515151515151514	0.1590909090909091	0.007575757575757576	0.007575757575757576	0.12878787878787878	0.1893939393939394	0.007575757575757576	0.007575757575757576
201	201	0.10294117647058823	0.07352941176470588	0.1323529411764706	0.014705882352941176	0.04411764705882353	0.014705882352941176	0.22058823529411764	0.36764705882352944	0.014705882352941176	0.014705882352941176
202	202	0.038461538461538464	0.038461538461538464	0.038461538461538464	0.038461538461538464	0.11538461538461539	0.34615384615384615	0.11538461538461539	0.11538461538461539	0.11538461538461539	0.038461538461538464
203	203	0.011363636363636364	0.32954545454545453	0.07954545454545454	0.10227272727272728	0.03409090909090909	0.011363636363636364	0.011363636363636364	0.056818181818181816	0.056818181818181816	0.3068181818181818
204	204	0.15217391304347827	0.021739130434782608	0.021739130434782608	0.021739130434782608	0.06521739130434782	0.06521739130434782	0.15217391304347827	0.45652173913043476	0.021739130434782608	0.021739130434782608
205	205	0.02142857142857143	0.03571428571428571	0.17857142857142858	0.03571428571428571	0.02142857142857143	0.03571428571428571	0.32142857142857145	0.17857142857142858	0.02142857142857143	0.15
206	206	0.029411764705882353	0.029411764705882353	0.029411764705882353	0.08823529411764706	0.029411764705882353	0.5	0.029411764705882353	0.029411764705882353	0.14705882352941177	0.08823529411764706
207	207	0.10465116279069768	0.011627906976744186	0.011627906976744186	0.19767441860465115	0.1744186046511628	0.2441860465116279	0.10465116279069768	0.08139534883720931	0.03488372093023256	0.03488372093023256
208	208	0.011627906976744186	0.08139534883720931	0.011627906976744186	0.011627906976744186	0.011627906976744186	0.08139534883720931	0.05813953488372093	0.3372093023255814	0.1744186046511628	0.22093023255813954
209	209	0.014705882352941176	0.04411764705882353	0.014705882352941176	0.014705882352941176	0.014705882352941176	0.19117647058823528	0.36764705882352944	0.25	0.07352941176470588	0.014705882352941176
210	210	0.020833333333333332	0.0625	0.10416666666666667	0.020833333333333332	0.020833333333333332	0.020833333333333332	0.0625	0.020833333333333332	0.22916666666666666	0.4375
211	211	0.18055555555555555	0.041666666666666664	0.125	0.013888888888888888	0.013888888888888888	0.013888888888888888	0.20833333333333334	0.375	0.013888888888888888	0.013888888888888888
212	212	0.038461538461538464	0.038461538461538464	0.038461538461538464	0.038461538461538464	0.6538461538461539	0.038461538461538464	0.038461538461538464	0.038461538461538464	0.038461538461538464	0.038461538461538464
213	213	0.18571428571428572	0.44285714285714284	0.014285714285714285	0.014285714285714285	0.04285714285714286	0.014285714285714285	0.04285714285714286	0.12857142857142856	0.014285714285714285	0.1
214	214	0.038461538461538464	0.038461538461538464	0.038461538461538464	0.038461538461538464	0.6538461538461539	0.038461538461538464	0.038461538461538464	0.038461538461538464	0.038461538461538464	0.038461538461538464
215	215	0.022727272727272728	0.44696969696969696	0.12878787878787878	0.007575757575757576	0.09848484848484848	0.022727272727272728	0.05303030303030303	0.17424242424242425	0.007575757575757576	0.03787878787878788
216	216	0.11363636363636363	0.06818181818181818	0.022727272727272728	0.25	0.022727272727272728	0.022727272727272728	0.022727272727272728	0.022727272727272728	0.022727272727272728	0.4318181818181818
